日期,股票代码,股票名称,开盘,收盘,最高,最低,成交量,成交额,换手率,涨跌幅,流通股数,流通市值,数据日期
2012-01-04,sz.000813,德展健康,5.121816,4.93615017,5.24345913,4.91694336,919360,7292045.94,0.252949,-2.7743,363456665.0,1794076678.7273831,2026-07-14
2012-01-05,sz.000813,德展健康,4.9297479,4.76969115,4.9297479,4.73127753,1188633,8898417.27,0.327036,-3.3722,363456317.0,1733574378.6064944,2026-07-14
2012-01-06,sz.000813,德展健康,4.77609342,4.76328888,4.82731158,4.62243894,953823,7013589.23,0.262431,-0.1342,363456680.0,1731249162.2057185,2026-07-14
2012-01-09,sz.000813,德展健康,4.75688661,5.04498876,5.04498876,4.6096344,2276560,17443986.42,0.626365,5.914,363455813.0,1833630491.341662,2026-07-14
2012-01-10,sz.000813,德展健康,5.08980465,5.3779068,5.42912496,4.98096606,2869623,23508686.87,0.789538,6.599,363455970.0,1954632332.563596,2026-07-14
2012-01-11,sz.000813,德展健康,5.38430907,5.33309091,5.56357263,5.23065459,3164774,26476758.35,0.870745,-0.8333,363455891.0,1938343308.478051,2026-07-14
2012-01-12,sz.000813,德展健康,5.33949318,5.3779068,5.42272269,5.22425232,2459607,20414031.92,0.676728,0.8403,363455775.0,1954631283.87177,2026-07-14
2012-01-13,sz.000813,德展健康,5.33309091,5.09620692,5.42912496,5.03218422,2067095,16790596.43,0.568733,-5.2381,363456138.0,1852247685.592075,2026-07-14
2012-01-16,sz.000813,德展健康,4.94255244,5.121816,5.3779068,4.94255244,2373825,19359735.43,0.653126,0.5025,363455903.0,1861554259.2798479,2026-07-14
2012-01-17,sz.000813,德展健康,5.04498876,5.58918171,5.6339976,5.04498876,3999033,33690905.65,1.10028,9.125,363455938.0,2031421281.060494,2026-07-14
2012-01-18,sz.000813,德展健康,5.5059522,5.48674539,5.74283619,5.39071134,4074936,35461378.36,1.121163,-1.8328,363456161.0,1994191415.833848,2026-07-14
2012-01-19,sz.000813,德展健康,5.4419295,5.49954993,5.59558398,5.40991815,2064395,17736335.33,0.56799,0.2334,363456223.0,1998845645.7577143,2026-07-14
2012-01-20,sz.000813,德展健康,5.49954993,5.51235447,5.58277944,5.49314766,1567413,13528053.9,0.431252,0.2328,363456401.0,2003500516.7024624,2026-07-14
2012-01-30,sz.000813,德展健康,5.54436582,5.41632042,5.58277944,5.40351588,1476168,12698225.38,0.406148,-1.7422,363455686.0,1968592453.846908,2026-07-14
2012-01-31,sz.000813,德展健康,5.38430907,5.39071134,5.48674539,5.34589545,1010233,8540531.69,0.277952,-0.4728,363455920.0,1959285949.534133,2026-07-14
2012-02-01,sz.000813,德展健康,5.42272269,5.3779068,5.46753858,5.33949318,1385315,11702173.47,0.381151,-0.2375,363455691.0,1954630832.1275988,2026-07-14
2012-02-02,sz.000813,德展健康,5.38430907,5.51875674,5.53796355,5.36510226,2055242,17545151.97,0.565472,2.619,363456016.0,2005825337.9935477,2026-07-14
2012-02-03,sz.000813,德展健康,5.5059522,5.60198625,5.66600895,5.47394085,2552104,22278212.79,0.702177,1.5081,363455938.0,2036075167.1568527,2026-07-14
2012-02-06,sz.000813,德展健康,5.60838852,5.73003165,5.79405435,5.5699749,3716949,33139445.32,1.022668,2.2857,363456078.0,2082614830.3248687,2026-07-14
2012-02-07,sz.000813,德展健康,5.66600895,5.58918171,5.6980203,5.44833177,2281110,19843496.95,0.627617,-2.4581,363455738.0,2031420163.224152,2026-07-14
2012-02-08,sz.000813,德展健康,5.58918171,5.81326116,5.8260657,5.51235447,2508444,22447550.61,0.690164,4.0092,363456222.0,2112865938.7129374,2026-07-14
2012-02-09,sz.000813,德展健康,5.78124981,5.83887024,6.03093834,5.73003165,4194579,38516082.65,1.154082,0.4405,363455890.0,2122171779.6737137,2026-07-14
2012-02-10,sz.000813,德展健康,5.84527251,5.9541111,6.01173153,5.79405435,3309255,30588871.69,0.910497,1.9737,363455893.0,2164056766.8717127,2026-07-14
2012-02-13,sz.000813,德展健康,5.90289294,6.06935196,6.13977693,5.762043,3954000,37164584.9,1.08789,1.9355,363455864.0,2205941560.5418935,2026-07-14
2012-02-14,sz.000813,德展健康,6.0181338,6.01173153,6.05014515,5.89649067,2655953,24773419.36,0.73075,-0.9494,363455765.0,2184998482.21077,2026-07-14
2012-02-15,sz.000813,德展健康,6.0181338,6.17819055,6.24221325,5.96691564,3883226,37340035.06,1.068417,2.7689,363456029.0,2245500603.708326,2026-07-14
2012-02-16,sz.000813,德展健康,6.10776558,6.09496104,6.2102019,6.02453607,2880790,27518914.46,0.79261,-1.3472,363456176.0,2215251232.467383,2026-07-14
2012-02-17,sz.000813,德展健康,6.12057012,6.0181338,6.13977693,5.92850202,2337170,22037925.7,0.643041,-1.2605,363455829.0,2187325809.31192,2026-07-14
2012-02-20,sz.000813,德展健康,6.09496104,6.0821565,6.33184503,6.05014515,3716534,36066736.93,1.022554,1.0638,363456013.0,2210596351.9320345,2026-07-14
2012-02-21,sz.000813,德展健康,6.08855877,6.12697239,6.12697239,5.93490429,2548372,24038213.87,0.70115,0.7368,363456037.0,2226885103.6778183,2026-07-14
2012-02-22,sz.000813,德展健康,6.13337466,6.25501779,6.2742246,6.08855877,2887876,27886654.96,0.79456,2.0899,363456001.0,2273423752.137258,2026-07-14
2012-02-23,sz.000813,德展健康,6.24221325,6.18459282,6.35105184,6.1461792,2387430,23258624.72,0.656869,-1.1259,363456032.0,2247827565.89289,2026-07-14
2012-02-24,sz.000813,德展健康,6.1461792,6.20379963,6.23581098,6.06935196,2639696,25360640.34,0.726277,0.3106,363455816.0,2254807056.822148,2026-07-14
2012-02-27,sz.000813,德展健康,6.19739736,6.19739736,6.32544276,6.19739736,3240903,31738074.92,0.891691,-0.1032,363455838.0,2252480250.8977876,2026-07-14
2012-02-28,sz.000813,德展健康,6.18459282,6.13977693,6.24221325,6.02453607,2758272,26316798.53,0.758901,-0.9298,363456103.0,2231539396.2671037,2026-07-14
2012-02-29,sz.000813,德展健康,6.13977693,6.22940871,6.32544276,6.00532926,3451147,33507481.77,0.949536,1.4599,363456151.0,2264116912.7424755,2026-07-14
2012-03-01,sz.000813,德展健康,6.1461792,6.54952221,6.74799258,6.1461792,6553282,66261214.17,1.803047,5.1387,363455972.0,2380462960.971138,2026-07-14
2012-03-02,sz.000813,德展健康,6.51751086,6.60074037,6.62634945,6.47269497,4021292,41172539.78,1.106404,0.782,363456025.0,2399078856.937229,2026-07-14
2012-03-05,sz.000813,德展健康,6.60714264,6.72878577,6.76079712,6.56872902,3790803,39607696.61,1.042988,1.9399,363456051.0,2445617903.9891944,2026-07-14
2012-03-06,sz.000813,德展健康,6.73518804,6.73518804,6.94646295,6.61994718,3624650,38272273.78,0.997273,0.0951,363456145.0,2447945480.8685055,2026-07-14
2012-03-07,sz.000813,德展健康,6.69037215,7.03609473,7.25377191,6.6583608,7812338,85724985.49,2.149459,4.4677,363456014.0,2557310944.6922064,2026-07-14
2012-03-08,sz.000813,德展健康,7.042497,7.01688792,7.20255375,6.9144516,3870527,42474449.92,1.064923,-0.273,363456043.0,2550330317.5777006,2026-07-14
2012-03-09,sz.000813,德展健康,7.01688792,7.06810608,7.07450835,6.94646295,2077703,22788341.51,0.571652,0.7299,363455914.0,2568944955.555357,2026-07-14
2012-03-12,sz.000813,德展健康,7.07450835,7.08731289,7.15133559,6.98487657,1952731,21482432.21,0.537268,0.2717,363455668.0,2575924040.7599607,2026-07-14
2012-03-13,sz.000813,德展健康,7.09371516,7.33059915,7.4266332,7.04889927,3900499,44300635.43,1.07317,3.4327,363455836.0,2664349042.4441395,2026-07-14
2012-03-14,sz.000813,德展健康,7.32419688,6.90804933,7.38181731,6.7223835,5519395,61167538.37,1.518587,-5.7642,363455963.0,2510771721.6866546,2026-07-14
2012-03-15,sz.000813,德展健康,6.86963571,6.85683117,7.06810608,6.58153356,3865451,41311045.06,1.063527,-0.7414,363455841.0,2492155339.4873643,2026-07-14
2012-03-16,sz.000813,德展健康,6.85683117,6.97207203,6.9784743,6.82481982,2447509,26376442.76,0.673399,1.6807,363455990.0,2534041342.0149593,2026-07-14
2012-03-19,sz.000813,德展健康,6.9144516,7.18974921,7.18974921,6.7864062,3085310,34069653.0,0.848881,3.1221,363456126.0,2613158394.77816,2026-07-14
2012-03-20,sz.000813,德展健康,7.11292197,7.04889927,7.20895602,6.98487657,2352952,26092149.51,0.647383,-1.959,363455945.0,2561964345.38766,2026-07-14
2012-03-21,sz.000813,德展健康,7.14493332,7.15133559,7.24096737,6.9144516,2699414,29865730.47,0.742707,1.4532,363456114.0,2599196643.4512973,2026-07-14
2012-03-22,sz.000813,德展健康,7.14493332,7.30499007,7.40742639,7.09371516,4317526,49303642.27,1.187909,2.1486,363455955.0,2655042142.1573668,2026-07-14
2012-03-23,sz.000813,德展健康,7.26017418,7.22816283,7.34980596,6.98487657,3121832,34980635.39,0.85893,-1.0517,363455928.0,2627118629.1127563,2026-07-14
2012-03-26,sz.000813,德展健康,7.21535829,7.12572651,7.24096737,7.05530154,1605594,17832360.31,0.441757,-1.4172,363456380.0,2589890762.194634,2026-07-14
2012-03-27,sz.000813,德展健康,7.1705424,7.25377191,7.45864455,7.12572651,3675141,42029967.37,1.011165,1.7969,363456113.0,2636427742.9971857,2026-07-14
2012-03-28,sz.000813,德展健康,7.20255375,6.70957896,7.38821958,6.69677442,5093824,55593845.17,1.401497,-7.5022,363455933.0,2438636280.9439697,2026-07-14
2012-03-29,sz.000813,德展健康,6.64555626,6.2742246,6.64555626,6.2742246,4365083,43949571.01,1.200994,-6.4885,363455854.0,2280403660.1808085,2026-07-14
2012-03-30,sz.000813,德展健康,6.33184503,6.37025865,6.45348816,6.1461792,2465935,24439210.25,0.678469,1.5306,363455810.0,2315307517.5452566,2026-07-14
2012-04-05,sz.000813,德展健康,6.44068362,6.56232675,6.61354491,6.37025865,2128151,21653893.74,0.585532,3.0151,363455968.0,2385116821.2535443,2026-07-14
2012-04-06,sz.000813,德展健康,6.56232675,6.56232675,6.7223835,6.54311994,1681428,17407511.75,0.462622,0.0,363456126.0,2385117858.1011705,2026-07-14
2012-04-09,sz.000813,德展健康,6.50470632,6.31263822,6.58153356,6.31263822,2018881,20254166.79,0.555468,-3.8049,363455861.0,2294365359.4316077,2026-07-14
2012-04-10,sz.000813,德展健康,6.31263822,6.31263822,6.31263822,6.31263822,0,0.0,0.0,0.0,363455861.0,2294365359.4316077,2026-07-14
2012-04-11,sz.000813,德展健康,6.30623595,6.48549951,6.57513129,6.2742246,2757628,27959512.6,0.758724,2.7383,363456013.0,2357193794.218054,2026-07-14
2012-04-12,sz.000813,德展健康,6.47269497,6.60074037,6.62634945,6.47269497,2245282,23044935.65,0.617759,1.7769,363455976.0,2399078533.500951,2026-07-14
2012-04-13,sz.000813,德展健康,6.60074037,6.67756761,6.70317669,6.50470632,2528920,26100314.22,0.695798,1.1639,363456061.0,2427002420.591784,2026-07-14
2012-04-16,sz.000813,德展健康,6.61354491,6.63915399,6.68396988,6.56872902,1694863,17530716.85,0.466319,-0.5753,363455703.0,2413038380.760705,2026-07-14
2012-04-17,sz.000813,德展健康,6.56872902,6.45989043,6.62634945,6.45989043,2176502,22182255.07,0.598835,-2.7001,363456044.0,2347886220.361259,2026-07-14
2012-04-18,sz.000813,德展健康,6.4662927,6.56232675,6.58793583,6.44708589,1836437,18715544.4,0.505271,1.5857,363455848.0,2385116033.774334,2026-07-14
2012-04-19,sz.000813,德展健康,6.58153356,6.60074037,6.70317669,6.54952221,1699656,17592628.11,0.467637,0.5854,363456271.0,2399080480.7193604,2026-07-14
2012-04-20,sz.000813,德展健康,6.60074037,6.61354491,6.63275172,6.54311994,1203517,12394895.76,0.331131,0.194,363456457.0,2403735601.1989837,2026-07-14
2012-04-23,sz.000813,德展健康,6.58153356,6.26782233,6.65195853,6.1461792,2902346,29035184.42,0.798541,-5.2275,363456103.0,2278078278.35818,2026-07-14
2012-04-24,sz.000813,德展健康,6.26142006,6.11416785,6.39586773,5.8900884,2451080,23466311.03,0.674381,-2.4515,363456266.0,2222232616.458248,2026-07-14
2012-04-25,sz.000813,德展健康,6.11416785,6.29343141,6.31904049,6.03093834,1823242,17562620.31,0.50164,2.9319,363456263.0,2287387061.725421,2026-07-14
2012-04-26,sz.000813,德展健康,6.29343141,6.29343141,6.29343141,6.29343141,0,0.0,0.0,0.0,363456263.0,2287387061.725421,2026-07-14
2012-04-27,sz.000813,德展健康,6.2742246,6.18459282,6.3382473,6.15898374,1195850,11641723.73,0.329022,-1.7294,363455939.0,2247826990.725758,2026-07-14
2012-05-02,sz.000813,德展健康,6.38946546,6.32544276,6.38946546,6.2102019,1753028,17212805.35,0.482322,2.2774,363455949.0,2299019801.1809793,2026-07-14
2012-05-03,sz.000813,德展健康,6.32544276,6.2742246,6.35745411,6.18459282,1553100,15161941.08,0.427314,-0.8097,363456381.0,2280406966.6971726,2026-07-14
2012-05-04,sz.000813,德展健康,6.24861552,6.80561301,6.90164706,6.24861552,5337091,56319946.71,1.468428,8.4694,363456090.0,2473541494.667731,2026-07-14
2012-05-07,sz.000813,德展健康,6.7223835,6.74159031,6.81841755,6.64555626,2157334,22637720.38,0.593561,-0.9407,363456157.0,2450272506.141039,2026-07-14
2012-05-08,sz.000813,德展健康,6.74159031,6.78000393,6.92085387,6.7223835,2156507,22986067.74,0.593334,0.5698,363455828.0,2464231942.221404,2026-07-14
2012-05-09,sz.000813,德展健康,6.75439485,6.53671767,6.75439485,6.51110859,2329604,24019673.91,0.640959,-3.5883,363456009.0,2375809316.297979,2026-07-14
2012-05-10,sz.000813,德展健康,6.49830405,6.61354491,6.69037215,6.49830405,1306459,13443706.33,0.359455,1.1753,363455509.0,2403729331.558409,2026-07-14
2012-05-11,sz.000813,德展健康,6.61354491,6.64555626,6.83122209,6.56232675,2234222,23478038.38,0.614716,0.484,363455970.0,2415367096.6678724,2026-07-14
2012-05-14,sz.000813,德展健康,6.61354491,6.83762436,7.03609473,6.5943381,3510782,37707965.4,0.965944,2.8902,363456060.0,2485176009.645622,2026-07-14
2012-05-15,sz.000813,德展健康,6.72878577,7.04889927,7.1705424,6.72878577,5316720,58309136.0,1.462824,3.0899,363455891.0,2561963964.7470994,2026-07-14
2012-05-16,sz.000813,德展健康,6.9784743,6.88244025,7.09371516,6.87603798,2427939,26357171.36,0.668015,-2.3615,363455761.0,2501462558.6007805,2026-07-14
2012-05-17,sz.000813,德展健康,6.83122209,6.9144516,6.9784743,6.78000393,2088379,22477635.33,0.574589,0.4651,363456140.0,2513099888.752824,2026-07-14
2012-05-18,sz.000813,德展健康,6.92085387,6.60074037,6.92085387,6.60074037,2243075,23493375.14,0.617152,-4.537,363455842.0,2399077649.0017414,2026-07-14
2012-05-21,sz.000813,德展健康,6.5303154,6.84402663,6.84402663,6.42147681,1948788,20298510.03,0.536183,3.6857,363455760.0,2487500900.2668886,2026-07-14
2012-05-22,sz.000813,德展健康,6.7864062,6.92725614,7.03609473,6.78000393,1770924,19153067.24,0.487246,1.2161,363455831.0,2517751636.9135523,2026-07-14
2012-05-23,sz.000813,德展健康,6.92725614,6.87603798,6.96566976,6.6583608,2346370,24993206.8,0.645572,-0.7394,363455974.0,2499137081.281893,2026-07-14
2012-05-24,sz.000813,德展健康,6.86323344,6.70957896,6.87603798,6.6583608,1381471,14601395.98,0.380093,-2.4209,363456049.0,2438637059.255129,2026-07-14
2012-05-25,sz.000813,德展健康,6.74799258,6.97207203,6.97207203,6.69037215,2466696,26544485.86,0.678678,3.9122,363456013.0,2534041502.3726163,2026-07-14
2012-05-28,sz.000813,德展健康,6.95926749,7.16414013,7.19615148,6.89524479,5350309,59183729.8,1.472065,2.7548,363456029.0,2603849922.849344,2026-07-14
2012-05-29,sz.000813,德展健康,7.1065197,7.11932424,7.2985878,7.07450835,4252858,47930313.71,1.170116,-0.6256,363456102.0,2587561837.1445127,2026-07-14
2012-05-30,sz.000813,德展健康,7.1065197,7.19615148,7.29218553,7.03609473,2672602,29830100.24,0.73533,1.0791,363456135.0,2615485403.79533,2026-07-14
2012-05-31,sz.000813,德展健康,7.1065197,7.15133559,7.2345651,7.10011743,1441492,16136287.62,0.396607,-0.6228,363456016.0,2599195942.6204095,2026-07-14
2012-06-01,sz.000813,德展健康,7.13212878,7.1705424,7.2345651,7.042497,2427671,27103213.76,0.667941,0.2686,363455904.0,2606175970.1623297,2026-07-14
2012-06-04,sz.000813,德展健康,7.04889927,6.85683117,7.06170381,6.85683117,2184706,23735654.8,0.601092,-4.375,363456176.0,2492157636.525806,2026-07-14
2012-06-05,sz.000813,德展健康,6.85683117,7.02329019,7.02329019,6.77360166,1843663,19848428.79,0.507259,2.4276,363455947.0,2552656587.06226,2026-07-14
2012-06-06,sz.000813,德展健康,7.13212878,7.14493332,7.41382866,6.9784743,4388985,49472108.28,1.20757,1.732,363455949.0,2596868520.3623204,2026-07-14
2012-06-07,sz.000813,德展健康,7.04889927,6.92085387,7.22176056,6.88884252,1840084,20275267.56,0.506274,-3.1362,363456152.0,2515426916.1445084,2026-07-14
2012-06-08,sz.000813,德展健康,6.96566976,6.79280847,7.02969246,6.65195853,2766329,29284671.23,0.761118,-1.8501,363455995.0,2468886961.3082776,2026-07-14
2012-06-11,sz.000813,德展健康,6.7864062,6.83122209,6.88244025,6.7223835,1008703,10757612.74,0.277531,0.5655,363455974.0,2482848478.3312654,2026-07-14
2012-06-12,sz.000813,德展健康,6.83122209,6.79280847,6.83762436,6.68396988,1136693,11987267.5,0.312746,-0.5623,363455648.0,2468884604.2037387,2026-07-14
2012-06-13,sz.000813,德展健康,6.79280847,6.85683117,6.90164706,6.79280847,861592,9219397.64,0.237055,0.9425,363456582.0,2492160420.399261,2026-07-14
2012-06-14,sz.000813,德展健康,6.88244025,7.042497,7.11292197,6.85683117,2931854,32193878.62,0.80666,2.7077,363455979.0,2559637641.739563,2026-07-14
2012-06-15,sz.000813,德展健康,7.042497,7.08731289,7.25377191,7.042497,3410017,38140385.97,0.93822,0.6364,363456012.0,2575926478.7955947,2026-07-14
2012-06-18,sz.000813,德展健康,7.11292197,7.08091062,7.22816283,7.03609473,1959342,21753732.92,0.539086,-0.0903,363456295.0,2573601539.171353,2026-07-14
2012-06-19,sz.000813,德展健康,7.08091062,6.99127884,7.1705424,6.9784743,1951452,21520422.51,0.536916,-1.2658,363455736.0,2541020396.373426,2026-07-14
2012-06-20,sz.000813,德展健康,7.01688792,6.89524479,7.01688792,6.77360166,2907952,31138613.41,0.800084,-1.3736,363455837.0,2506116966.469339,2026-07-14
2012-06-21,sz.000813,德展健康,6.90804933,6.70317669,6.90804933,6.67756761,1417499,14924196.36,0.390006,-2.7855,363455690.0,2436307709.0558662,2026-07-14
2012-06-25,sz.000813,德展健康,6.64555626,6.47909724,6.74799258,6.40867227,972510,10048921.94,0.267573,-3.3429,363455954.0,2354866468.422967,2026-07-14
2012-06-26,sz.000813,德展健康,6.47909724,6.57513129,6.61354491,6.44068362,778438,7922789.72,0.214177,1.4822,363455460.0,2389767367.567343,2026-07-14
2012-06-27,sz.000813,德展健康,6.5943381,6.4662927,6.61994718,6.40227,809900,8274844.77,0.222833,-1.6553,363456041.0,2350213144.689201,2026-07-14
2012-06-28,sz.000813,德展健康,6.49190178,6.40867227,6.58793583,6.40867227,778648,7866800.21,0.214234,-0.8911,363456781.0,2329275393.738163,2026-07-14
2012-06-29,sz.000813,德展健康,6.44708589,6.51751086,6.51751086,6.2742246,882569,8822595.77,0.242827,1.6983,363455876.0,2368827618.9608135,2026-07-14
2012-07-02,sz.000813,德展健康,6.5303154,6.54952221,6.57513129,6.44708589,634506,6454373.89,0.174576,0.4912,363455458.0,2380459594.516722,2026-07-14
2012-07-03,sz.000813,德展健康,6.56872902,6.47269497,6.63275172,6.4662927,1135518,11588999.41,0.312422,-1.173,363456479.0,2352542923.4372106,2026-07-14
2012-07-04,sz.000813,德展健康,6.47909724,6.37025865,6.54311994,6.3382473,907473,9091643.78,0.249679,-1.5826,363455877.0,2315307944.3525863,2026-07-14
2012-07-05,sz.000813,德展健康,6.30623595,6.15258147,6.35105184,6.12057012,842802,8168563.34,0.231886,-3.4171,363455319.0,2236188460.8523393,2026-07-14
2012-07-06,sz.000813,德展健康,6.20379963,6.24221325,6.30623595,6.11416785,876311,8493837.3,0.241105,1.4568,363456171.0,2268770926.4104657,2026-07-14
2012-07-09,sz.000813,德展健康,6.24221325,6.37666092,6.45989043,6.15898374,1177945,11621402.74,0.324096,2.1538,363455581.0,2317632999.5185947,2026-07-14
2012-07-10,sz.000813,德展健康,6.42787908,6.01173153,6.42787908,5.73643392,2552570,23878295.05,0.702305,-5.7229,363456048.0,2185000183.530793,2026-07-14
2012-07-11,sz.000813,德展健康,6.01173153,5.99892699,6.05654742,5.94130656,692358,6495879.72,0.190493,-0.213,363455875.0,2180345258.2115664,2026-07-14
2012-07-12,sz.000813,德展健康,6.06294969,6.04374288,6.09496104,5.8900884,1086375,10160532.42,0.298901,0.7471,363456462.0,2196637404.4024906,2026-07-14
2012-07-13,sz.000813,德展健康,6.04374288,6.0181338,6.13337466,5.96691564,597510,5642461.61,0.164397,-0.4237,363455538.0,2187324058.0349846,2026-07-14
2012-07-16,sz.000813,德展健康,5.94770883,5.74923846,6.00532926,5.6980203,1069350,9768574.2,0.294217,-4.4681,363456224.0,2089596501.547175,2026-07-14
2012-07-17,sz.000813,德展健康,5.73643392,5.81966343,5.94130656,5.6339976,820391,7436138.51,0.225719,1.2249,363456776.0,2115196107.6729019,2026-07-14
2012-07-18,sz.000813,德展健康,6.01173153,6.17819055,6.40227,6.01173153,4931965,48492868.71,1.356963,6.1606,363456115.0,2245501135.0327134,2026-07-14
2012-07-19,sz.000813,德展健康,6.04374288,6.13337466,6.28062687,5.91569748,3233718,30609835.41,0.889714,-0.7254,363455897.0,2229211188.6873703,2026-07-14
2012-07-20,sz.000813,德展健康,6.06935196,6.00532926,6.19739736,6.00532926,1436659,13685146.31,0.395277,-2.0877,363456260.0,2182674512.9081674,2026-07-14
2012-07-23,sz.000813,德展健康,5.98612245,5.92850202,6.00532926,5.79405435,846321,7809820.43,0.232854,-1.2793,363455642.0,2154747507.7773967,2026-07-14
2012-07-24,sz.000813,德展健康,5.87728386,6.00532926,6.03093834,5.81326116,1149773,10649799.13,0.316344,1.2959,363456554.0,2182676278.47497,2026-07-14
2012-07-25,sz.000813,德展健康,5.97972018,5.88368613,6.00532926,5.87728386,542020,5025287.96,0.149129,-2.0256,363457141.0,2138467739.3511543,2026-07-14
2012-07-26,sz.000813,德展健康,5.94770883,5.70442257,5.94770883,5.6980203,1167389,10618562.82,0.321191,-3.0468,363456323.0,2073308452.1304102,2026-07-14
2012-07-27,sz.000813,德展健康,5.74923846,5.6339976,5.762043,5.60838852,933474,8252047.35,0.256833,-1.2346,363455631.0,2047708152.7604856,2026-07-14
2012-07-30,sz.000813,德展健康,5.6339976,5.42272269,5.65960668,5.3779068,777760,6661839.1,0.21399,-3.75,363456236.0,1970922377.7791946,2026-07-14
2012-07-31,sz.000813,德展健康,5.43552723,5.21785005,5.46753858,5.09620692,965179,7957971.74,0.265556,-3.778,363455919.0,1896458485.126946,2026-07-14
2012-08-01,sz.000813,德展健康,5.1858387,5.28187275,5.3138841,5.14102281,2062313,16786459.73,0.567418,1.227,363455689.0,1919726699.5615747,2026-07-14
2012-08-02,sz.000813,德展健康,5.1858387,5.02578195,5.25626367,5.02578195,1293202,10368340.2,0.355807,-4.8485,363456031.0,1826650760.2184403,2026-07-14
2012-08-03,sz.000813,德展健康,5.01297741,5.121816,5.121816,4.97456379,1556220,12255492.59,0.428173,1.9108,363455893.0,1861554208.061688,2026-07-14
2012-08-06,sz.000813,德展健康,5.08980465,5.2498614,5.2498614,5.07700011,1857574,15049707.43,0.511086,2.5,363456248.0,1908094926.9640274,2026-07-14
2012-08-07,sz.000813,德展健康,5.2498614,5.32028637,5.48034312,5.22425232,1910323,15987819.8,0.5256,1.3415,363455670.0,1933688247.2002177,2026-07-14
2012-08-08,sz.000813,德展健康,5.35229772,5.40991815,5.65320441,5.33949318,2178991,18644309.9,0.59952,1.6847,363455931.0,1966266837.8420477,2026-07-14
2012-08-09,sz.000813,德展健康,5.35869999,5.38430907,5.4419295,5.26906821,2209368,18443733.07,0.607878,-0.4734,363455825.0,1956958495.0918326,2026-07-14
2012-08-10,sz.000813,德展健康,5.40351588,5.46113631,5.57637717,5.39711361,1880424,16063413.35,0.517373,1.4269,363456153.0,1984883594.2412152,2026-07-14
2012-08-13,sz.000813,德展健康,5.41632042,5.2498614,5.41632042,5.2498614,1298402,10826358.12,0.357238,-3.8687,363455735.0,1908092233.785129,2026-07-14
2012-08-14,sz.000813,德展健康,5.19224097,5.32028637,5.32028637,5.13462054,1057762,8649917.32,0.291029,1.3415,363455876.0,1933689343.17921,2026-07-14
2012-08-15,sz.000813,德展健康,5.3138841,5.22425232,5.32028637,5.22425232,675459,5550181.89,0.185843,-1.8051,363456789.0,1898789973.1530004,2026-07-14
2012-08-16,sz.000813,德展健康,5.19864324,5.29467729,5.43552723,5.17943643,1077014,8951202.26,0.296326,1.348,363455789.0,1924381111.937332,2026-07-14
2012-08-17,sz.000813,德展健康,5.30107956,5.42272269,5.48034312,5.26266594,1605490,13562317.03,0.441729,2.4184,363455875.0,1970920420.1763036,2026-07-14
2012-08-20,sz.000813,德展健康,5.43552723,5.3779068,5.4419295,5.2498614,1095599,9095740.34,0.301439,-0.8264,363456288.0,1954634042.7379584,2026-07-14
2012-08-21,sz.000813,德展健康,5.35869999,5.41632042,5.49314766,5.3138841,1259602,10652695.59,0.346562,0.7143,363456467.0,1968596683.9931562,2026-07-14
2012-08-22,sz.000813,德展健康,5.41632042,5.43552723,5.53156128,5.3779068,1017924,8679188.55,0.280068,0.3546,363456018.0,1975575082.74637,2026-07-14
2012-08-23,sz.000813,德展健康,5.42912496,5.55717036,5.58277944,5.40991815,1733422,14920259.09,0.476928,2.2379,363455700.0,2019785243.2130518,2026-07-14
2012-08-24,sz.000813,德展健康,5.5059522,5.30107956,5.5699749,5.28827502,1401080,11829304.18,0.385488,-4.6083,363456191.0,1926710185.0655558,2026-07-14
2012-08-27,sz.000813,德展健康,5.30107956,5.19864324,5.3138841,5.16663189,909491,7406186.86,0.250234,-1.9324,363456205.0,1889479143.1593041,2026-07-14
2012-08-28,sz.000813,德展健康,5.3138841,5.27547048,5.43552723,5.22425232,889697,7380851.16,0.244788,1.4778,363456133.0,1917402100.4164538,2026-07-14
2012-08-29,sz.000813,德展健康,5.25626367,5.12821827,5.25626367,5.10901146,1198288,9649034.9,0.329693,-2.7913,363455700.0,1863880161.0756388,2026-07-14
2012-08-30,sz.000813,德展健康,5.14742508,5.08340238,5.1858387,5.02578195,1306731,10441334.4,0.359529,-0.87391,363456355.0,1847594900.033125,2026-07-14
2012-08-31,sz.000813,德展健康,5.14742508,5.19864324,5.21144778,5.11541373,611303,4940288.51,0.168192,2.267,363455456.0,1889475249.3755174,2026-07-14
2012-09-03,sz.000813,德展健康,5.23065459,5.30107956,5.30748183,5.20504551,833369,6846446.22,0.22929,1.9704,363456322.0,1926710879.5069783,2026-07-14
2012-09-04,sz.000813,德展健康,5.30107956,5.21785005,5.36510226,5.21144778,1001850,8256114.39,0.275645,-1.57,363456620.0,1896462142.839831,2026-07-14
2012-09-05,sz.000813,德展健康,5.23065459,5.26906821,5.33309091,5.19864324,861660,7086620.63,0.237074,0.9816,363456136.0,1915075171.9270368,2026-07-14
2012-09-06,sz.000813,德展健康,5.3138841,5.35229772,5.37150453,5.23705686,1029640,8561960.08,0.283292,1.5796,363455375.0,1945321374.934245,2026-07-14
2012-09-07,sz.000813,德展健康,5.37150453,5.5059522,5.58277944,5.3138841,2593321,22193186.31,0.713517,2.8708,363456091.0,2001171863.8448503,2026-07-14
2012-09-10,sz.000813,德展健康,5.5699749,5.57637717,5.6339976,5.45473404,2059887,17867376.95,0.56675,1.2791,363456021.0,2026767857.8034406,2026-07-14
2012-09-11,sz.000813,德展健康,5.55076809,5.5059522,5.55076809,5.40991815,1421946,12131757.64,0.391229,-1.2629,363456186.0,2001172386.9103093,2026-07-14
2012-09-12,sz.000813,德展健康,5.53156128,5.58918171,5.61479079,5.5059522,1734930,15077943.97,0.477343,1.5116,363455628.0,2031419548.4141638,2026-07-14
2012-09-13,sz.000813,德展健康,5.60838852,5.47394085,5.6339976,5.47394085,1372800,11872760.01,0.377707,-2.0619,363456330.0,1989538451.9780805,2026-07-14
2012-09-14,sz.000813,德展健康,5.55076809,5.55076809,5.67241122,5.48034312,2004265,17475418.44,0.551446,1.4035,363456259.0,2017461404.5679753,2026-07-14
2012-09-17,sz.000813,德展健康,5.6339976,5.39071134,5.6339976,5.3779068,1121409,9567059.46,0.308541,-2.8835,363455424.0,1959283275.7413082,2026-07-14
2012-09-18,sz.000813,德展健康,5.39071134,5.4419295,5.60838852,5.35229772,1200522,10298196.2,0.330307,0.9501,363456421.0,1977904219.4043193,2026-07-14
2012-09-19,sz.000813,德展健康,5.39711361,5.54436582,5.5699749,5.39711361,1982782,17083051.87,0.545536,1.8824,363455757.0,2015131676.1930258,2026-07-14
2012-09-20,sz.000813,德展健康,5.5059522,5.37150453,5.53796355,5.37150453,1798475,15291384.5,0.494826,-3.1178,363456043.0,1952305781.4303749,2026-07-14
2012-09-21,sz.000813,德展健康,5.37150453,5.5699749,5.60838852,5.30107956,3028325,26205751.63,0.833203,3.6949,363455844.0,2024439928.3383157,2026-07-14
2012-09-24,sz.000813,德展健康,5.52515901,5.67881349,5.72362938,5.48674539,2688763,23624297.92,0.739777,1.954,363455879.0,2063998148.6850076,2026-07-14
2012-09-25,sz.000813,德展健康,5.62759533,5.51235447,5.67881349,5.47394085,1824297,15855329.13,0.501931,-2.9312,363455734.0,2003496839.962031,2026-07-14
2012-09-26,sz.000813,德展健康,5.49314766,5.67881349,6.0181338,5.49314766,4677483,42025641.65,1.286946,3.0197,363456042.0,2063999074.3316064,2026-07-14
2012-09-27,sz.000813,德展健康,5.73003165,5.67241122,5.79405435,5.53156128,3333325,29480348.42,0.917119,-0.1127,363456105.0,2061672487.9794981,2026-07-14
2012-09-28,sz.000813,德展健康,5.65320441,5.72362938,5.762043,5.58277944,2181683,19354854.61,0.600261,0.9029,363455730.0,2080285894.5573475,2026-07-14
2012-10-08,sz.000813,德展健康,5.73003165,5.83887024,5.83887024,5.66600895,2159819,19465463.45,0.594245,2.0134,363455982.0,2122172316.8497758,2026-07-14
2012-10-09,sz.000813,德展健康,5.83887024,5.89649067,5.9541111,5.81326116,2008495,18458573.61,0.55261,0.9868,363456144.0,2143115762.0501766,2026-07-14
2012-10-10,sz.000813,德展健康,5.87088159,5.85807705,5.91569748,5.8260657,1693969,15523076.45,0.466073,-0.6515,363455725.0,2129151641.3136113,2026-07-14
2012-10-11,sz.000813,德展健康,5.89649067,6.03093834,6.1461792,5.80045662,3636065,34234030.81,1.000414,2.9508,363456029.0,2191980900.2002516,2026-07-14
2012-10-12,sz.000813,德展健康,5.99892699,6.03734061,6.12697239,5.93490429,1650336,15532712.43,0.454068,0.1062,363455694.0,2194305821.3219333,2026-07-14
2012-10-15,sz.000813,德展健康,6.10776558,5.84527251,6.10776558,5.8260657,2090024,19270940.95,0.575042,-3.1813,363455887.0,2124498704.8787663,2026-07-14
2012-10-16,sz.000813,德展健康,5.84527251,5.84527251,5.92209975,5.80685889,917769,8410534.37,0.252512,0.0,363455598.0,2124497015.595011,2026-07-14
2012-10-17,sz.000813,德展健康,5.88368613,5.96691564,6.02453607,5.83246797,1041716,9669615.56,0.286614,2.0811,363456077.0,2168711750.304344,2026-07-14
2012-10-18,sz.000813,德展健康,5.91569748,5.94770883,5.98612245,5.91569748,1168899,10866856.71,0.321607,-0.3219,363455708.0,2161728723.7855015,2026-07-14
2012-10-19,sz.000813,德展健康,5.92850202,5.92209975,5.97972018,5.85807705,986743,9118601.42,0.271489,-0.43057,363455978.0,2152422556.4498057,2026-07-14
2012-10-22,sz.000813,德展健康,5.89649067,5.85807705,5.89649067,5.78124981,910976,8293724.35,0.250643,-1.0811,363455592.0,2129150862.1893637,2026-07-14
2012-10-23,sz.000813,德展健康,5.88368613,5.81326116,5.8900884,5.79405435,664884,6059047.4,0.182934,-0.765,363455673.0,2112862747.2325606,2026-07-14
2012-10-24,sz.000813,德展健康,5.79405435,5.79405435,5.83246797,5.73643392,537301,4868063.29,0.147831,-0.3304,363456244.0,2105885231.5828612,2026-07-14
2012-10-25,sz.000813,德展健康,5.8260657,5.70442257,5.86447932,5.70442257,1035160,9333538.89,0.28481,-1.547,363456339.0,2073308543.4011712,2026-07-14
2012-10-26,sz.000813,德展健康,5.76844527,5.55717036,5.76844527,5.55717036,864469,7628351.78,0.237847,-2.5814,363455919.0,2019786460.2333608,2026-07-14
2012-10-29,sz.000813,德展健康,5.59558398,5.66600895,5.66600895,5.4419295,581359,5069092.44,0.159953,1.9585,363456140.0,2059345742.1724532,2026-07-14
2012-10-30,sz.000813,德展健康,5.53796355,5.58277944,5.67881349,5.53796355,557311,4891927.91,0.153337,-1.4689,363455004.0,2029089123.696318,2026-07-14
2012-10-31,sz.000813,德展健康,5.58277944,5.59558398,5.66600895,5.56357263,404373,3536192.52,0.111258,0.2294,363455212.0,2033744161.7147038,2026-07-14
2012-11-01,sz.000813,德展健康,5.59558398,5.67881349,5.75564073,5.59558398,746614,6654394.75,0.205421,1.4874,363455538.0,2063996212.2096074,2026-07-14
2012-11-02,sz.000813,德展健康,5.762043,5.74923846,5.88368613,5.71722711,934359,8449917.1,0.257076,1.2401,363456332.0,2089597122.4649286,2026-07-14
2012-11-05,sz.000813,德展健康,5.74283619,5.67241122,5.762043,5.6339976,795360,7077435.95,0.218833,-1.3363,363455238.0,2061667569.9989703,2026-07-14
2012-11-06,sz.000813,德展健康,5.67241122,5.71082484,5.762043,5.56357263,1115415,9868869.53,0.306891,0.6772,363456406.0,2075635871.641925,2026-07-14
2012-11-07,sz.000813,德展健康,5.71082484,5.72362938,5.77484754,5.65320441,550171,4926653.59,0.151372,0.2242,363456253.0,2080288888.0155132,2026-07-14
2012-11-08,sz.000813,德展健康,5.66600895,5.68521576,5.85807705,5.6339976,1413590,12724864.96,0.38893,-0.6711,363456149.0,2066326626.3637083,2026-07-14
2012-11-09,sz.000813,德展健康,5.68521576,5.92209975,5.9541111,5.65320441,2330757,21294531.7,0.641276,4.1667,363456141.0,2152423521.7520647,2026-07-14
2012-11-12,sz.000813,德展健康,5.88368613,5.85167478,5.91569748,5.81326116,909924,8327854.45,0.250353,-1.1892,363456400.0,2126828649.5095918,2026-07-14
2012-11-13,sz.000813,德展健康,5.83887024,5.78765208,5.91569748,5.762043,1040448,9490440.72,0.286265,-1.0941,363456238.0,2103558251.849675,2026-07-14
2012-11-14,sz.000813,德展健康,5.74923846,5.762043,5.81326116,5.71082484,749717,6743204.87,0.206274,-0.4425,363456858.0,2094254044.4408941,2026-07-14
2012-11-15,sz.000813,德展健康,5.67241122,5.54436582,5.74923846,5.51235447,967300,8503032.65,0.26614,-3.7778,363455324.0,2015129275.4826257,2026-07-14
2012-11-16,sz.000813,德展健康,5.52515901,5.39711361,5.57637717,5.32668864,1021412,8667996.99,0.281028,-2.6559,363455599.0,1961611159.9936023,2026-07-14
2012-11-19,sz.000813,德展健康,5.49314766,5.46113631,5.49954993,5.37150453,651547,5540317.93,0.179264,1.1862,363456690.0,1984886526.8714137,2026-07-14
2012-11-20,sz.000813,德展健康,5.55076809,5.46113631,5.55076809,5.44833177,276468,2368303.04,0.076066,0.0,363458050.0,1984893954.0167954,2026-07-14
2012-11-21,sz.000813,德展健康,5.49954993,5.60198625,5.60198625,5.4419295,740134,6396958.84,0.203638,2.5791,363455740.0,2036074057.9635751,2026-07-14
2012-11-22,sz.000813,德展健康,5.74283619,5.73003165,5.85167478,5.64680214,1691606,15244270.15,0.465422,2.2857,363456390.0,2082616618.0947435,2026-07-14
2012-11-23,sz.000813,德展健康,5.6980203,5.74923846,5.90289294,5.62759533,1465524,13210783.79,0.403219,0.3352,363456087.0,2089595713.901506,2026-07-14
2012-11-26,sz.000813,德展健康,5.65960668,5.55076809,5.79405435,5.55076809,880122,7788724.99,0.242154,-3.4521,363455487.0,2017457119.3750098,2026-07-14
2012-11-27,sz.000813,德展健康,5.65320441,5.53156128,5.67241122,5.3779068,1153928,9926947.68,0.317488,-0.346,363455627.0,2010477073.3113225,2026-07-14
2012-11-28,sz.000813,德展健康,5.52515901,5.34589545,5.52515901,5.3138841,586686,4948286.16,0.161419,-3.3565,363455355.0,1942994328.572635,2026-07-14
2012-11-29,sz.000813,德展健康,5.42912496,5.30748183,5.42912496,5.28827502,559728,4672059.27,0.154002,-0.7186,363455020.0,1929030914.6722867,2026-07-14
2012-11-30,sz.000813,德展健康,5.36510226,5.32668864,5.39711361,5.2498614,804203,6696209.1,0.221266,0.3619,363455298.0,1936013207.0044148,2026-07-14
2012-12-03,sz.000813,德展健康,5.33309091,5.26906821,5.35869999,5.22425232,622764,5156879.57,0.171345,-1.0817,363456185.0,1915075430.111379,2026-07-14
2012-12-04,sz.000813,德展健康,5.27547048,5.32028637,5.34589545,5.1858387,668579,5534511.73,0.18395,0.9721,363456918.0,1933694886.9176075,2026-07-14
2012-12-05,sz.000813,德展健康,5.28827502,5.46753858,5.51875674,5.25626367,1099001,9321937.36,0.302375,2.7677,363456304.0,1987211364.2642083,2026-07-14
2012-12-06,sz.000813,德展健康,5.41632042,5.48674539,5.51875674,5.40351588,814244,6952638.17,0.224028,0.3513,363456354.0,1994192474.7757082,2026-07-14
2012-12-07,sz.000813,德展健康,5.55717036,5.51875674,5.55717036,5.48034312,1531130,13187489.73,0.42127,0.5834,363455741.0,2005823820.3354442,2026-07-14
2012-12-10,sz.000813,德展健康,5.51875674,5.58918171,5.61479079,5.49314766,981843,8547760.39,0.270141,1.2761,363455751.0,2031420235.8835142,2026-07-14
2012-12-11,sz.000813,德展健康,5.58918171,5.58918171,5.58918171,5.58918171,0,0.0,0.0,0.0,363455751.0,2031420235.8835142,2026-07-14
2012-12-12,sz.000813,德展健康,5.6339976,5.59558398,5.80045662,5.58277944,1577454,13984997.76,0.434015,0.1145,363456102.0,2033749141.784446,2026-07-14
2012-12-13,sz.000813,德展健康,5.56357263,5.42912496,5.61479079,5.40991815,1323934,11307704.32,0.364263,-2.9748,363455525.0,1973245462.627404,2026-07-14
2012-12-14,sz.000813,德展健康,5.40991815,5.5699749,5.62759533,5.40991815,1657786,14392346.49,0.456117,2.5943,363456306.0,2024442501.6667194,2026-07-14
2012-12-17,sz.000813,德展健康,5.58277944,5.62119306,5.6980203,5.56357263,910924,8007830.48,0.250628,0.9195,363456597.0,2043059700.667617,2026-07-14
2012-12-18,sz.000813,德展健康,5.62759533,5.62119306,5.71082484,5.56357263,1085022,9558441.19,0.298529,0.0,363456147.0,2043057171.13074,2026-07-14
2012-12-19,sz.000813,德展健康,5.60198625,5.62759533,5.66600895,5.58918171,741932,6522602.36,0.204133,0.1139,363455198.0,2045378774.9290254,2026-07-14
2012-12-20,sz.000813,德展健康,5.62759533,5.65320441,5.65320441,5.49314766,1054274,9188640.29,0.290069,0.4551,363456281.0,2054692650.5913992,2026-07-14
2012-12-21,sz.000813,德展健康,5.64680214,5.6339976,5.73003165,5.59558398,1237126,10930880.53,0.340378,-0.3398,363456510.0,2047713105.044376,2026-07-14
2012-12-24,sz.000813,德展健康,5.65320441,5.67881349,5.69161803,5.56357263,898369,7942296.72,0.247174,0.7955,363456108.0,2063999449.1332967,2026-07-14
2012-12-25,sz.000813,德展健康,5.66600895,5.73003165,5.78765208,5.6339976,1414279,12669961.96,0.38912,0.9019,363455746.0,2082612927.954361,2026-07-14
2012-12-26,sz.000813,德展健康,5.72362938,5.73643392,5.77484754,5.70442257,1004417,8994767.36,0.276352,0.1117,363455665.0,2084939405.1221566,2026-07-14
2012-12-27,sz.000813,德展健康,5.75564073,5.762043,5.90289294,5.70442257,1970035,17860632.35,0.542028,0.4464,363456316.0,2094250921.413588,2026-07-14
2012-12-28,sz.000813,德展健康,5.76844527,5.79405435,5.86447932,5.762043,1241654,11279058.63,0.341624,0.5556,363456315.0,2105885642.96072,2026-07-14
2012-12-31,sz.000813,德展健康,5.80045662,5.86447932,5.91569748,5.79405435,1536411,14104623.61,0.422723,1.2155,363455738.0,2131478659.2363381,2026-07-14
2013-01-04,sz.000813,德展健康,5.90929521,5.78765208,5.93490429,5.72362938,1293397,11740723.78,0.355861,-1.31,363455675.0,2103554993.401554,2026-07-14
2013-01-07,sz.000813,德展健康,5.762043,5.9541111,5.9541111,5.73003165,2199090,20277110.68,0.60505,2.8761,363455913.0,2164056885.9539347,2026-07-14
2013-01-08,sz.000813,德展健康,5.91569748,6.06935196,6.24221325,5.91569748,2641207,25097949.83,0.726692,1.9355,363456182.0,2205943490.5958166,2026-07-14
2013-01-09,sz.000813,德展健康,6.12697239,5.99892699,6.13977693,5.96051337,2095710,19708519.06,0.576606,-1.1603,363456156.0,2180346943.9100504,2026-07-14
2013-01-10,sz.000813,德展健康,5.99892699,6.01173153,6.05654742,5.96051337,1311374,12298503.57,0.360807,0.2134,363455809.0,2184998746.726958,2026-07-14
2013-01-11,sz.000813,德展健康,6.0181338,5.84527251,6.0181338,5.8260657,1480023,13648347.51,0.407208,-2.7689,363456268.0,2124500931.9275928,2026-07-14
2013-01-14,sz.000813,德展健康,5.80685889,5.96051337,5.96691564,5.80045662,1987279,18390096.75,0.546773,1.9715,363455950.0,2166384049.3810515,2026-07-14
2013-01-15,sz.000813,德展健康,5.92209975,6.05014515,6.11416785,5.92209975,2466140,23194651.89,0.678525,1.5038,363456026.0,2198961712.942174,2026-07-14
2013-01-16,sz.000813,德展健康,6.10776558,6.6583608,6.6583608,6.0181338,8312324,84105760.51,2.287023,10.0529,363456074.0,2420021675.643499,2026-07-14
2013-01-17,sz.000813,德展健康,6.75439485,6.40227,6.75439485,6.29343141,5743302,58080298.05,1.580192,-3.8462,363455960.0,2326943189.0292,2026-07-14
2013-01-18,sz.000813,德展健康,6.44708589,6.7223835,7.00408338,6.39586773,4941097,52415903.87,1.359476,5.0,363455993.0,2443290570.3193154,2026-07-14
2013-01-21,sz.000813,德展健康,6.71598123,6.9784743,7.07450835,6.62634945,5012607,54500807.07,1.379151,3.8095,363455996.0,2536368327.266903,2026-07-14
2013-01-22,sz.000813,德展健康,6.86323344,6.8504289,7.07450835,6.78000393,2729029,29348719.99,0.750855,-1.8349,363456193.0,2489830808.4111776,2026-07-14
2013-01-23,sz.000813,德展健康,6.7864062,6.80561301,6.94006068,6.74159031,1501757,15970075.5,0.413188,-0.6542,363456102.0,2473541576.335087,2026-07-14
2013-01-24,sz.000813,德展健康,6.73518804,6.55592448,6.82481982,6.40227,3681631,38087169.62,1.012951,-3.6689,363455982.0,2382789969.7962394,2026-07-14
2013-01-25,sz.000813,德展健康,6.61354491,6.63915399,6.7864062,6.47269497,2127110,21914818.18,0.585246,1.2695,363455709.0,2413038420.5956287,2026-07-14
2013-01-28,sz.000813,德展健康,6.69677442,6.67116534,6.81201528,6.53671767,2593782,26999706.83,0.713644,0.4822,363456009.0,2424675129.855528,2026-07-14
2013-01-29,sz.000813,德展健康,6.6583608,6.61354491,6.6583608,6.5303154,2015412,20747757.26,0.554513,-0.8637,363456222.0,2403734047.01593,2026-07-14
2013-01-30,sz.000813,德展健康,6.86323344,7.06810608,7.27297872,6.7223835,7380196,81212078.05,2.030561,6.8732,363456010.0,2568945634.0935407,2026-07-14
2013-01-31,sz.000813,德展健康,7.05530154,6.86963571,7.05530154,6.81201528,2922966,31507043.23,0.804215,-2.808,363455792.0,2496808887.7295322,2026-07-14
2013-02-01,sz.000813,德展健康,6.88244025,6.82481982,7.06810608,6.7864062,2310944,24864314.75,0.635825,-0.6524,363455982.0,2480521589.651163,2026-07-14
2013-02-04,sz.000813,德展健康,6.9144516,6.86323344,7.01688792,6.81841755,1651639,17825897.53,0.454426,0.5629,363456096.0,2494484032.03905,2026-07-14
2013-02-05,sz.000813,德展健康,6.86323344,6.87603798,6.90164706,6.69037215,2231115,23593329.6,0.613861,0.1866,363456059.0,2499137665.745121,2026-07-14
2013-02-06,sz.000813,德展健康,6.89524479,6.79280847,6.89524479,6.72878577,1690618,17929817.58,0.465151,-1.2104,363455738.0,2468885215.556501,2026-07-14
2013-02-07,sz.000813,德展健康,6.76719939,6.74159031,6.79921074,6.69037215,1404167,14743214.48,0.386338,-0.754,363455575.0,2450268582.5354786,2026-07-14
2013-02-08,sz.000813,德展健康,6.77360166,6.83122209,6.86963571,6.69037215,1216025,12959810.23,0.334573,1.3295,363455808.0,2482847344.3483987,2026-07-14
2013-02-18,sz.000813,德展健康,6.83122209,6.96566976,6.96566976,6.71598123,2403387,25522183.23,0.661259,1.9681,363456225.0,2531716035.566256,2026-07-14
2013-02-19,sz.000813,德展健康,6.95286522,6.84402663,7.042497,6.80561301,1494539,16086250.94,0.411202,-1.7463,363456160.0,2487503637.877541,2026-07-14
2013-02-20,sz.000813,德展健康,6.85683117,6.7864062,6.95926749,6.74159031,1348744,14328875.55,0.371089,-0.8419,363455667.0,2466557791.9539356,2026-07-14
2013-02-21,sz.000813,德展健康,6.8504289,6.58153356,6.8504289,6.56232675,1938454,20202330.65,0.533339,-3.0189,363456263.0,2392099592.526686,2026-07-14
2013-02-22,sz.000813,德展健康,6.6583608,6.58793583,6.6583608,6.55592448,1042966,10738857.93,0.286958,0.0973,363455976.0,2394424646.9180202,2026-07-14
2013-02-25,sz.000813,德展健康,6.60074037,6.60714264,6.63915399,6.43428135,1089027,11110934.17,0.299631,0.2915,363456051.0,2401405972.3281145,2026-07-14
2013-02-26,sz.000813,德展健康,6.55592448,6.38306319,6.60074037,6.35745411,1735877,17500289.9,0.477603,-3.3915,363456050.0,2319962933.9377995,2026-07-14
2013-02-27,sz.000813,德展健康,6.41507454,6.48549951,6.50470632,6.3382473,1855786,18563313.86,0.510594,1.6048,363456288.0,2357195577.730419,2026-07-14
2013-02-28,sz.000813,德展健康,6.41507454,6.5303154,6.54952221,6.41507454,1427311,14478003.83,0.392705,0.691,363456284.0,2373484168.6319737,2026-07-14
2013-03-01,sz.000813,德展健康,6.5303154,6.47269497,6.5303154,6.41507454,1325151,13354207.95,0.364597,-0.8824,363456364.0,2352542179.077289,2026-07-14
2013-03-04,sz.000813,德展健康,6.47269497,6.20379963,6.47269497,6.16538601,2222667,21766030.85,0.611537,-4.1543,363455850.0,2254807267.7513356,2026-07-14
2013-03-05,sz.000813,德展健康,6.22940871,6.25501779,6.28062687,6.16538601,1763055,17153446.51,0.485081,0.8256,363455794.0,2273422457.348575,2026-07-14
2013-03-06,sz.000813,德展健康,6.25501779,6.42787908,6.43428135,6.2102019,2055715,20426636.96,0.565602,2.7636,363456105.0,2336251893.8277836,2026-07-14
2013-03-07,sz.000813,德展健康,6.38306319,6.24221325,6.41507454,6.24221325,1355406,13360430.15,0.372922,-2.8884,363455629.0,2268767543.130884,2026-07-14
2013-03-08,sz.000813,德展健康,6.29343141,6.30623595,6.33184503,6.23581098,1102097,10815189.88,0.303227,1.0256,363456091.0,2292039867.3106713,2026-07-14
2013-03-11,sz.000813,德展健康,6.30623595,6.45989043,6.49830405,6.28062687,1802929,18106659.9,0.496052,2.4365,363455646.0,2347883649.3248677,2026-07-14
2013-03-12,sz.000813,德展健康,6.4662927,6.30623595,6.48549951,6.26142006,1359264,13482911.13,0.373983,-2.3786,363456093.0,2292039879.9231434,2026-07-14
2013-03-13,sz.000813,德展健康,6.31263822,6.24861552,6.32544276,6.17819055,1022515,9992715.3,0.281331,-0.9137,363456213.0,2271098133.3922257,2026-07-14
2013-03-14,sz.000813,德展健康,6.26782233,6.31904049,6.35745411,6.24221325,785842,7730419.44,0.216214,1.127,363455650.0,2296690968.6692686,2026-07-14
2013-03-15,sz.000813,德展健康,6.30623595,6.47909724,6.48549951,6.2742246,1773865,17826462.95,0.488055,2.5329,363455963.0,2354866526.734842,2026-07-14
2013-03-18,sz.000813,德展健康,6.49190178,6.40227,6.49190178,6.38306319,1027089,10306946.0,0.28259,-1.1858,363455536.0,2326940474.46672,2026-07-14
2013-03-19,sz.000813,德展健康,6.40227,6.54311994,6.65195853,6.37025865,1721237,17572444.0,0.473575,2.2,363456052.0,2378136541.154877,2026-07-14
2013-03-20,sz.000813,德展健康,6.50470632,6.62634945,6.63275172,6.4662927,1501502,15405747.0,0.413118,1.272,363455962.0,2408386213.897921,2026-07-14
2013-03-21,sz.000813,德展健康,6.56232675,6.57513129,6.69037215,6.54311994,1452121,14953600.0,0.399531,-0.7729,363456403.0,2389773567.9161496,2026-07-14
2013-03-22,sz.000813,德展健康,6.58153356,6.54952221,6.62634945,6.49830405,1062600,10851477.0,0.29236,-0.3895,363456013.0,2380463229.501549,2026-07-14
2013-03-25,sz.000813,德展健康,6.52391313,6.48549951,6.60074037,6.48549951,787835,8025105.0,0.216762,-0.9775,363456233.0,2357195221.027946,2026-07-14
2013-03-26,sz.000813,德展健康,6.40867227,6.37666092,6.5303154,6.3382473,926141,9243560.0,0.254815,-1.6782,363456233.0,2317637157.1015143,2026-07-14
2013-03-27,sz.000813,德展健康,6.39586773,6.52391313,6.58153356,6.39586773,1087231,11065509.0,0.299137,2.3092,363455875.0,2371154555.088139,2026-07-14
2013-03-28,sz.000813,德展健康,6.49190178,6.22940871,6.49190178,6.20379963,1957215,19269826.0,0.538501,-4.5142,363456150.0,2264116906.513067,2026-07-14
2013-03-29,sz.000813,德展健康,6.23581098,6.26142006,6.33184503,6.17819055,954200,9311260.0,0.262535,0.5139,363456301.0,2275752574.014798,2026-07-14
2013-04-01,sz.000813,德展健康,6.2742246,6.24221325,6.35745411,6.17819055,593138,5798403.0,0.163194,-0.3067,363455764.0,2268768385.829673,2026-07-14
2013-04-02,sz.000813,德展健康,6.24861552,6.65195853,6.8504289,6.19739736,2934130,30078556.0,0.807286,6.5641,363456074.0,2417694731.7246113,2026-07-14
2013-04-03,sz.000813,德展健康,6.49190178,6.79280847,6.79921074,6.49190178,3533817,37045344.0,0.972282,2.1174,363455973.0,2468886811.8664913,2026-07-14
2013-04-08,sz.000813,德展健康,6.68396988,6.77360166,6.86963571,6.53671767,2747886,28893044.0,0.756044,-0.2827,363455831.0,2461905020.1982794,2026-07-14
2013-04-09,sz.000813,德展健康,6.75439485,6.7864062,6.88244025,6.5943381,2831053,29684762.0,0.778926,0.189,363455964.0,2466559807.516577,2026-07-14
2013-04-10,sz.000813,德展健康,6.75439485,6.6583608,6.77360166,6.61354491,1233924,12876027.0,0.339497,-1.8868,363456525.0,2420024678.56422,2026-07-14
2013-04-11,sz.000813,德展健康,6.66476307,6.79280847,6.87603798,6.66476307,2770026,29496468.0,0.762135,2.0192,363456081.0,2468887545.489806,2026-07-14
2013-04-12,sz.000813,德展健康,6.79280847,6.70957896,6.88884252,6.69037215,1206436,12768280.0,0.331935,-1.22526,363455496.0,2438633348.857964,2026-07-14
2013-04-15,sz.000813,德展健康,6.63275172,6.4662927,6.68396988,6.42147681,1408559,14368873.0,0.387546,-3.6259,363455951.0,2350212562.722858,2026-07-14
2013-04-16,sz.000813,德展健康,6.39586773,6.40227,6.45989043,6.28062687,1194122,11850645.0,0.328547,-0.990103,363455457.0,2326939968.68739,2026-07-14
2013-04-17,sz.000813,德展健康,6.38306319,6.44708589,6.45348816,6.31904049,639235,6367862.0,0.175877,0.7,363455711.0,2343230186.028018,2026-07-14
2013-04-18,sz.000813,德展健康,6.40227,6.38306319,6.45348816,6.31904049,588586,5876081.0,0.161941,-0.993,363457062.0,2319969393.597748,2026-07-14
2013-04-19,sz.000813,德展健康,6.38946546,6.60714264,6.75439485,6.38946546,1816944,18849826.0,0.499908,3.510526,363455676.0,2401403494.649625,2026-07-14
2013-04-22,sz.000813,德展健康,6.56232675,6.62634945,6.69677442,6.5303154,1062290,10977583.0,0.292275,0.2907,363455650.0,2408384146.4768925,2026-07-14
2013-04-23,sz.000813,德展健康,6.61354491,6.40227,6.61354491,6.40227,1369140,13855849.0,0.3767,-3.3816,363456331.0,2326945564.27137,2026-07-14
2013-04-24,sz.000813,德展健康,6.38946546,6.44068362,6.52391313,6.37025865,711706,7170573.0,0.195816,0.6,363456510.0,2340908390.5393662,2026-07-14
2013-04-25,sz.000813,德展健康,6.49190178,6.38946546,6.49190178,6.31263822,967381,9635639.0,0.266162,-0.7952,363455715.0,2322287737.232104,2026-07-14
2013-04-26,sz.000813,德展健康,6.38306319,6.38306319,6.45989043,6.31904049,601782,6011589.0,0.165572,-0.100193,363456382.0,2319965053.1147785,2026-07-14
2013-05-02,sz.000813,德展健康,6.34464957,6.30623595,6.37025865,6.26142006,596370,5859814.0,0.164083,-1.2036,363456300.0,2292041185.313985,2026-07-14
2013-05-03,sz.000813,德展健康,6.30623595,6.40227,6.42787908,6.30623595,565130,5640793.5,0.155488,1.522839,363455701.0,2326941530.84127,2026-07-14
2013-05-06,sz.000813,德展健康,6.44068362,6.51751086,6.56232675,6.40227,830156,8402121.0,0.228406,1.8,363456301.0,2368830388.902929,2026-07-14
2013-05-07,sz.000813,德展健康,6.51110859,6.45348816,6.51110859,6.42147681,552851,5571173.0,0.152109,-0.9823,363457126.0,2345566259.308628,2026-07-14
2013-05-08,sz.000813,德展健康,6.44068362,6.37666092,6.48549951,6.35745411,741691,7427444.0,0.204066,-1.1905,363456431.0,2317638419.6803765,2026-07-14
2013-05-09,sz.000813,德展健康,6.42787908,6.31263822,6.42787908,6.22300644,1313647,12905712.0,0.361432,-1.004,363456196.0,2294367474.165411,2026-07-14
2013-05-10,sz.000813,德展健康,6.28702914,6.29983368,6.37025865,6.24221325,1227774,12079162.0,0.337805,-0.2028,363456432.0,2289715071.52623,2026-07-14
2013-05-13,sz.000813,德展健康,6.32544276,6.37025865,6.37025865,6.20379963,1305602,12823925.0,0.359219,1.1179,363455719.0,2315306937.8517194,2026-07-14
2013-05-14,sz.000813,德展健康,6.35745411,6.47269497,6.56232675,6.31904049,1771442,17895488.0,0.487388,1.608,363456220.0,2352541247.0092134,2026-07-14
2013-05-15,sz.000813,德展健康,6.47909724,6.49830405,6.57513129,6.43428135,1094361,11139776.0,0.301099,0.3956,363455541.0,2361844614.075241,2026-07-14
2013-05-16,sz.000813,德展健康,5.85167478,5.90289294,6.0821565,5.85167478,10255008,94579968.0,2.821527,-9.1626,363455958.0,2145441608.4791365,2026-07-14
2013-05-17,sz.000813,德展健康,5.85167478,5.90289294,5.97331791,5.80045662,4607385,42283520.0,1.26766,0.0,363455895.0,2145441236.5968814,2026-07-14
2013-05-20,sz.000813,德展健康,5.89649067,5.83887024,5.92850202,5.79405435,4912780,44805640.0,1.351685,-1.0846,363455983.0,2122172322.688646,2026-07-14
2013-05-21,sz.000813,德展健康,5.85167478,5.87728386,5.8900884,5.8260657,3173771,29074508.0,0.87322,0.657899,363456059.0,2136134429.3799078,2026-07-14
2013-05-22,sz.000813,德展健康,5.8900884,5.84527251,5.90929521,5.80045662,3716200,33934180.0,1.022462,-0.5447,363456050.0,2124499657.6581855,2026-07-14
2013-05-23,sz.000813,德展健康,5.81966343,5.70442257,5.8260657,5.70442257,4222946,37996712.0,1.161886,-2.4096,363456139.0,2073307402.5166574,2026-07-14
2013-05-24,sz.000813,德展健康,5.71082484,5.83246797,5.84527251,5.70442257,3473816,31472234.0,0.955773,2.2447,363456176.0,2119846505.0186827,2026-07-14
2013-05-27,sz.000813,德展健康,5.89649067,5.84527251,5.89649067,5.81326116,2269729,20740506.0,0.624485,0.2195,363456128.0,2124500113.5894413,2026-07-14
2013-05-28,sz.000813,德展健康,5.92209975,6.15898374,6.38946546,5.92209975,8435259,81334936.0,2.320847,5.3669,363456057.0,2238519945.2675133,2026-07-14
2013-05-29,sz.000813,德展健康,6.0821565,6.12697239,6.2102019,6.03093834,3926088,37586220.0,1.08021,-0.5198,363455995.0,2226884846.344978,2026-07-14
2013-05-30,sz.000813,德展健康,6.1461792,6.04374288,6.17819055,6.04374288,3215594,30526244.0,0.884727,-1.3584,363456072.0,2196635047.3427672,2026-07-14
2013-05-31,sz.000813,德展健康,6.04374288,6.18459282,6.24861552,6.00532926,3356106,32196212.0,0.923387,2.330511,363456059.0,2247827732.8768964,2026-07-14
2013-06-03,sz.000813,德展健康,6.13977693,6.11416785,6.20379963,6.08855877,2047554,19627646.0,0.563357,-1.1387,363455855.0,2222230103.5352616,2026-07-14
2013-06-04,sz.000813,德展健康,6.11416785,6.13977693,6.24221325,6.0821565,2488353,23976716.0,0.684637,0.4188,363455817.0,2231537640.2909017,2026-07-14
2013-06-05,sz.000813,德展健康,6.13977693,6.15898374,6.17819055,6.07575423,1422700,13592199.0,0.391437,0.3128,363455677.0,2238517604.853692,2026-07-14
2013-06-06,sz.000813,德展健康,6.15898374,6.03734061,6.15898374,6.03093834,1413386,13413794.0,0.388874,-1.9751,363456029.0,2194307843.831038,2026-07-14
2013-06-07,sz.000813,德展健康,6.03734061,6.19739736,6.24221325,5.94770883,4368633,41800236.0,1.20197,2.6511,363456076.0,2252481725.8783593,2026-07-14
2013-06-13,sz.000813,德展健康,6.19099509,6.35105184,6.6583608,6.05014515,5846074,58286512.0,1.608468,2.4793,363456034.0,2308328113.4948025,2026-07-14
2013-06-14,sz.000813,德展健康,6.32544276,6.38306319,6.4662927,6.26142006,3415595,33985952.0,0.939755,0.504,363455901.0,2319961982.861384,2026-07-14
2013-06-17,sz.000813,德展健康,6.40227,6.34464957,6.58793583,6.3382473,3413424,34523820.0,0.939157,-0.6018,363456163.0,2306001988.2917995,2026-07-14
2013-06-18,sz.000813,德展健康,6.31263822,6.5303154,6.54311994,6.30623595,2658513,26697230.0,0.731454,2.9263,363455938.0,2373481909.142845,2026-07-14
2013-06-19,sz.000813,德展健康,6.42787908,6.80561301,6.81841755,6.42787908,5480228,56937568.0,1.507811,4.2157,363455897.0,2473540181.18442,2026-07-14
2013-06-20,sz.000813,德展健康,6.80561301,6.80561301,6.80561301,6.80561301,0,0.0,0.0,0.0,363455897.0,2473540181.18442,2026-07-14
2013-06-21,sz.000813,德展健康,6.80561301,6.80561301,6.80561301,6.80561301,0,0.0,0.0,0.0,363455897.0,2473540181.18442,2026-07-14
2013-06-24,sz.000813,德展健康,6.80561301,6.80561301,6.80561301,6.80561301,0,0.0,0.0,0.0,363455897.0,2473540181.18442,2026-07-14
2013-06-25,sz.000813,德展健康,6.80561301,6.80561301,6.80561301,6.80561301,0,0.0,0.0,0.0,363455897.0,2473540181.18442,2026-07-14
2013-06-26,sz.000813,德展健康,6.80561301,6.80561301,6.80561301,6.80561301,0,0.0,0.0,0.0,363455897.0,2473540181.18442,2026-07-14
2013-06-27,sz.000813,德展健康,6.15258147,6.12697239,6.80561301,6.12697239,8072237,80265600.0,2.220967,-9.9718,363455963.0,2226884650.2818613,2026-07-14
2013-06-28,sz.000813,德展健康,5.75564073,5.762043,6.00532926,5.6980203,4001446,36376180.0,1.100944,-5.9561,363455907.0,2094248564.738001,2026-07-14
2013-07-01,sz.000813,德展健康,5.762043,5.62119306,5.80045662,5.33949318,3895547,33603848.0,1.071807,-2.4444,363456014.0,2043056423.512063,2026-07-14
2013-07-02,sz.000813,德展健康,5.56357263,5.60198625,5.65960668,5.4419295,2690084,23180340.0,0.74014,-0.3417,363456103.0,2036076091.4845839,2026-07-14
2013-07-03,sz.000813,德展健康,5.51875674,5.35229772,5.60198625,5.32028637,3333821,28145560.0,0.917256,-4.4571,363455895.0,1945324158.1290596,2026-07-14
2013-07-04,sz.000813,德展健康,5.37150453,5.48034312,5.51875674,5.36510226,2346452,20045432.0,0.645595,2.3923,363455727.0,1991862092.889048,2026-07-14
2013-07-05,sz.000813,德展健康,5.48674539,5.47394085,5.53156128,5.40991815,1838965,15677261.0,0.505966,-0.1168,363456240.0,1989537959.323404,2026-07-14
2013-07-08,sz.000813,德展健康,5.40991815,5.24345913,5.41632042,5.21785005,2450661,20268636.0,0.674266,-4.2105,363456114.0,1905767279.3076208,2026-07-14
2013-07-09,sz.000813,德展健康,5.21785005,5.17943643,5.26906821,5.15382735,1720792,14009208.0,0.473453,-1.221,363455718.0,1882495786.5010068,2026-07-14
2013-07-10,sz.000813,德展健康,5.20504551,5.29467729,5.29467729,5.14102281,1955430,15922726.0,0.53801,2.225,363456070.0,1924382599.7416503,2026-07-14
2013-07-11,sz.000813,德展健康,5.25626367,5.46753858,5.49314766,5.2498614,2777694,23384546.0,0.764245,3.2648,363455960.0,1987209483.4309368,2026-07-14
2013-07-12,sz.000813,德展健康,5.39711361,5.38430907,5.53796355,5.32668864,2238265,19008464.0,0.615828,-1.5222,363456192.0,1956960471.1332612,2026-07-14
2013-07-15,sz.000813,德展健康,5.32668864,5.48034312,5.66600895,5.29467729,2613678,22364992.0,0.719118,1.7836,363456067.0,1991863956.205709,2026-07-14
2013-07-16,sz.000813,德展健康,5.48674539,5.62119306,5.65320441,5.48674539,3245196,28313848.0,0.892872,2.5701,363455904.0,2043055805.1808264,2026-07-14
2013-07-17,sz.000813,德展健康,5.60198625,5.5059522,5.64039987,5.48034312,1901197,16476661.0,0.523089,-2.0501,363455741.0,2001169936.7615802,2026-07-14
2013-07-18,sz.000813,德展健康,5.4419295,5.35229772,5.4419295,5.3138841,1939950,16219595.0,0.533751,-2.7907,363455994.0,1945324688.0065336,2026-07-14
2013-07-19,sz.000813,德展健康,5.37150453,5.14742508,5.3779068,5.14742508,1537340,12636291.0,0.422978,-3.8278,363456255.0,1870863842.4698753,2026-07-14
2013-07-22,sz.000813,德展健康,5.14742508,5.20504551,5.20504551,5.10901146,1294541,10446508.0,0.356175,1.1194,363456447.0,1891807347.5379028,2026-07-14
2013-07-23,sz.000813,德展健康,5.21144778,5.72362938,5.72362938,5.19864324,3150549,27087736.0,0.866831,9.9631,363455968.0,2080287256.7811399,2026-07-14
2013-07-24,sz.000813,德展健康,5.62759533,5.64039987,5.71722711,5.53796355,3200501,28093072.0,0.880575,-1.4541,363455810.0,2050036103.4747448,2026-07-14
2013-07-25,sz.000813,德展健康,5.65960668,5.53796355,5.73003165,5.5059522,1830364,16067130.0,0.5036,-1.8161,363455917.0,2012805620.3778253,2026-07-14
2013-07-26,sz.000813,德展健康,5.55076809,5.64680214,5.72362938,5.53156128,2295695,20230834.0,0.631629,1.9653,363456238.0,2052365462.5347493,2026-07-14
2013-07-29,sz.000813,德展健康,5.60198625,5.37150453,5.60198625,5.37150453,1365355,11638515.0,0.375659,-4.8753,363455953.0,1952305297.9949672,2026-07-14
2013-07-30,sz.000813,德展健康,5.37150453,5.37150453,5.47394085,5.34589545,1527334,12856620.0,0.420225,0.0,363456244.0,1952306861.1027853,2026-07-14
2013-07-31,sz.000813,德展健康,5.55717036,5.5059522,5.85807705,5.5059522,3172358,27767934.0,0.872831,2.503,363456156.0,2001172221.7317433,2026-07-14
2013-08-01,sz.000813,德展健康,5.5059522,5.54436582,5.60198625,5.48674539,2369348,20497952.0,0.651894,0.6977,363456022.0,2015133145.449968,2026-07-14
2013-08-02,sz.000813,德展健康,5.53796355,5.48034312,5.58277944,5.48034312,1795918,15494406.0,0.494123,-1.1547,363455658.0,1991861714.7453728,2026-07-14
2013-08-05,sz.000813,德展健康,5.51235447,5.46113631,5.51235447,5.41632042,1775492,15130580.0,0.488503,-0.3505,363455700.0,1984881120.3464668,2026-07-14
2013-08-06,sz.000813,德展健康,5.46753858,5.48674539,5.48674539,5.37150453,1938020,16462145.0,0.53322,0.4689,363455984.0,1994190444.6799138,2026-07-14
2013-08-07,sz.000813,德展健康,5.4419295,5.52515901,5.64039987,5.43552723,2570897,22288268.0,0.707348,0.7001,363455753.0,2008150828.4242847,2026-07-14
2013-08-08,sz.000813,德展健康,5.51235447,5.48674539,5.55717036,5.46113631,1451781,12461727.0,0.399438,-0.6952,363455906.0,1994190016.7137735,2026-07-14
2013-08-09,sz.000813,德展健康,5.52515901,5.55717036,5.60198625,5.48674539,2195550,18999088.0,0.604076,1.2835,363455923.0,2019786482.462042,2026-07-14
2013-08-12,sz.000813,德展健康,5.52515901,5.6980203,5.81326116,5.52515901,4240884,37697808.0,1.166822,2.5346,363455951.0,2070979386.9538052,2026-07-14
2013-08-13,sz.000813,德展健康,5.67881349,5.66600895,5.73003165,5.59558398,3024095,26630232.0,0.832039,-0.5618,363455920.0,2059344495.650484,2026-07-14
2013-08-14,sz.000813,德展健康,5.67241122,5.60838852,5.6980203,5.58918171,1903563,16741636.0,0.52374,-1.0169,363455722.0,2038400898.7931116,2026-07-14
2013-08-15,sz.000813,德展健康,5.58918171,5.64039987,5.65960668,5.54436582,2117163,18530974.0,0.582509,0.5708,363455844.0,2050036295.2483404,2026-07-14
2013-08-16,sz.000813,德展健康,5.61479079,5.37150453,5.64039987,5.34589545,3016632,26003596.0,0.829985,-4.7673,363456207.0,1952306662.3571177,2026-07-14
2013-08-19,sz.000813,德展健康,5.36510226,5.41632042,5.42912496,5.3138841,1322305,11110674.0,0.363814,0.8343,363456327.0,1968595925.7082973,2026-07-14
2013-08-20,sz.000813,德展健康,5.49954993,5.42912496,5.51235447,5.35229772,1318120,11187700.0,0.362663,0.2364,363455881.0,1973247395.3958898,2026-07-14
2013-08-21,sz.000813,德展健康,5.4419295,5.41632042,5.49954993,5.26906821,2229489,18712048.0,0.613414,-0.2358,363455839.0,1968593282.5439324,2026-07-14
2013-08-22,sz.000813,德展健康,5.3779068,5.33949318,5.39071134,5.30748183,1529001,12773221.0,0.420684,-1.4184,363455943.0,1940670528.8789687,2026-07-14
2013-08-23,sz.000813,德展健康,5.40351588,5.29467729,5.40351588,5.2498614,1682119,13918492.0,0.462812,-0.8393,363456220.0,1924383393.9432437,2026-07-14
2013-08-26,sz.000813,德展健康,5.33949318,5.3779068,5.39071134,5.27547048,1726029,14385862.0,0.474894,1.5719,363455634.0,1954630525.5869112,2026-07-14
2013-08-27,sz.000813,德展健康,5.39711361,5.4419295,5.46113631,5.36510226,1891517,16033882.0,0.520425,1.1905,363456214.0,1977903092.924913,2026-07-14
2013-08-28,sz.000813,德展健康,5.43552723,5.49954993,5.55717036,5.37150453,2350972,20166098.0,0.646838,1.0588,363456074.0,1998844826.3247747,2026-07-14
2013-08-29,sz.000813,德展健康,5.46113631,5.47394085,5.5059522,5.40351588,1558036,13256417.0,0.428673,-0.4657,363455594.0,1989534423.157615,2026-07-14
2013-08-30,sz.000813,德展健康,5.46753858,5.32668864,5.48034312,5.3138841,2367823,19947060.0,0.651474,-2.6901,363456255.0,1936018304.6454434,2026-07-14
2013-09-02,sz.000813,德展健康,5.33949318,5.34589545,5.3779068,5.26906821,1849715,15358068.0,0.508924,0.3606,363456037.0,1942997974.4733317,2026-07-14
2013-09-03,sz.000813,德展健康,5.35869999,5.40991815,5.42272269,5.3138841,1808525,15214870.0,0.497591,1.1976,363456132.0,1966267925.235596,2026-07-14
2013-09-04,sz.000813,德展健康,5.3779068,5.6980203,5.81966343,5.35869999,5330263,46452732.0,1.46655,5.3254,363455934.0,2070979290.08746,2026-07-14
2013-09-05,sz.000813,德展健康,5.67241122,5.49314766,5.6980203,5.47394085,4787607,41530896.0,1.317245,-3.5955,363456077.0,1996517898.8853297,2026-07-14
2013-09-06,sz.000813,德展健康,5.47394085,5.42912496,5.48674539,5.38430907,2232647,18904184.0,0.614283,-1.1655,363455769.0,1973246787.3338943,2026-07-14
2013-09-09,sz.000813,德展健康,5.5059522,5.49954993,5.60198625,5.46113631,2982521,25673034.0,0.8206,1.2972,363456130.0,1998845134.2995708,2026-07-14
2013-09-10,sz.000813,德展健康,5.46753858,5.58277944,5.66600895,5.42912496,3524504,30413884.0,0.96972,1.5134,363455843.0,2029093807.648268,2026-07-14
2013-09-11,sz.000813,德展健康,5.57637717,5.53156128,5.60198625,5.5059522,2902295,25078596.0,0.798527,-0.9174,363456089.0,2010479628.892634,2026-07-14
2013-09-12,sz.000813,德展健康,5.52515901,5.5059522,5.55076809,5.47394085,2082598,17923613.0,0.572999,-0.463,363455783.0,2001170168.0115726,2026-07-14
2013-09-13,sz.000813,德展健康,5.51235447,5.56357263,5.60198625,5.46753858,3028757,26212373.0,0.833322,1.0465,363455783.0,2022112646.5140195,2026-07-14
2013-09-16,sz.000813,德展健康,5.58918171,5.51235447,5.60198625,5.5059522,1877667,16262731.0,0.516615,-0.9206,363455765.0,2003497010.8450196,2026-07-14
2013-09-17,sz.000813,德展健康,5.52515901,5.53796355,5.67881349,5.52515901,3473548,30330110.0,0.9557,0.4646,363455896.0,2012805504.0805907,2026-07-14
2013-09-18,sz.000813,德展健康,5.53796355,5.60838852,5.66600895,5.53796355,3416869,29930391.0,0.940105,1.2717,363456103.0,2038403035.5891376,2026-07-14
2013-09-23,sz.000813,德展健康,5.65960668,5.61479079,5.76844527,5.61479079,3429342,30316617.0,0.943537,0.1142,363456017.0,2040729496.8216834,2026-07-14
2013-09-24,sz.000813,德展健康,5.62119306,5.53796355,5.6339976,5.5059522,2689672,23305311.0,0.740027,-1.3683,363455928.0,2012805681.2954242,2026-07-14
2013-09-25,sz.000813,德展健康,5.56357263,5.47394085,5.56357263,5.46113631,2056396,17685655.0,0.56579,-1.1561,363455699.0,1989534997.9214041,2026-07-14
2013-09-26,sz.000813,德展健康,5.46113631,5.32028637,5.49954993,5.32028637,2129528,17939218.0,0.585911,-2.807,363455883.0,1933689380.4212146,2026-07-14
2013-09-27,sz.000813,德展健康,5.3138841,5.33309091,5.35869999,5.28827502,1136445,9460080.0,0.312677,0.2407,363456538.0,1938346758.9878697,2026-07-14
2013-09-30,sz.000813,德展健康,5.36510226,5.38430907,5.40991815,5.33309091,1101646,9251135.0,0.303103,0.9604,363455987.0,1956959367.349902,2026-07-14
2013-10-08,sz.000813,德展健康,5.48034312,5.48674539,5.5699749,5.40991815,1836780,15743293.0,0.505365,1.9025,363456116.0,1994191168.9303052,2026-07-14
2013-10-09,sz.000813,德展健康,5.46113631,5.48034312,5.48674539,5.39071134,1824205,15529752.0,0.501905,-0.1167,363456232.0,1991864860.4623237,2026-07-14
2013-10-10,sz.000813,德展健康,5.48674539,5.55076809,5.55076809,5.46113631,2126385,18266409.0,0.585046,1.285,363456036.0,2017460166.7466912,2026-07-14
2013-10-11,sz.000813,德展健康,5.55717036,5.56357263,5.58277944,5.51875674,2087542,18110016.0,0.574359,0.2307,363455957.0,2022113614.5756571,2026-07-14
2013-10-14,sz.000813,德展健康,5.56357263,5.5059522,5.56357263,5.45473404,2018988,17363050.0,0.555497,-1.0357,363456148.0,2001172177.6841257,2026-07-14
2013-10-15,sz.000813,德展健康,5.47394085,5.39711361,5.49954993,5.3779068,2869049,24252082.0,0.78938,-1.9767,363456003.0,1961613340.4275007,2026-07-14
2013-10-16,sz.000813,德展健康,5.38430907,5.26906821,5.39711361,5.26266594,1859954,15466841.0,0.511741,-2.3725,363456123.0,1915075103.4291499,2026-07-14
2013-10-17,sz.000813,德展健康,5.30748183,5.32668864,5.35229772,5.26906821,1342576,11142158.0,0.369392,1.0936,363455624.0,1936014943.5049114,2026-07-14
2013-10-18,sz.000813,德展健康,5.32668864,5.3779068,5.41632042,5.30107956,1128544,9458952.0,0.310504,0.9615,363455543.0,1954630036.1973925,2026-07-14
2013-10-21,sz.000813,德展健康,5.3779068,5.38430907,5.40991815,5.27547048,2004976,16784387.0,0.551642,0.119,363456010.0,1956959491.1890106,2026-07-14
2013-10-22,sz.000813,德展健康,5.37150453,5.38430907,5.42272269,5.32668864,1799022,15093370.0,0.494977,0.0,363455676.0,1956957692.829781,2026-07-14
2013-10-23,sz.000813,德展健康,5.42912496,5.36510226,5.60198625,5.35229772,3358227,28664984.0,0.923971,-0.3567,363455888.0,1949978006.1191068,2026-07-14
2013-10-24,sz.000813,德展健康,5.36510226,5.26266594,5.37150453,5.24345913,1587210,13122219.0,0.436699,-1.9093,363456294.0,1912749059.1124263,2026-07-14
2013-10-25,sz.000813,德展健康,5.28827502,5.16022962,5.30107956,5.14102281,1551216,12581350.0,0.426796,-1.9465,363456077.0,1875516814.1044006,2026-07-14
2013-10-28,sz.000813,德展健康,5.19864324,5.1858387,5.24345913,5.13462054,939500,7617927.0,0.258491,0.4963,363455594.0,1884822085.0966878,2026-07-14
2013-10-29,sz.000813,德展健康,5.23705686,4.82731158,5.23705686,4.66725483,2588673,19735170.0,0.712238,-6.9136,363456176.0,1754516207.227318,2026-07-14
2013-10-30,sz.000813,德展健康,4.8017025,4.8657252,4.87212747,4.75688661,1560509,11769795.0,0.429353,0.7958,363455944.0,1768476745.8105888,2026-07-14
2013-10-31,sz.000813,德展健康,4.84011612,4.89773655,5.02578195,4.83371385,1744269,13359838.0,0.479912,0.6579,363456009.0,1780111779.596429,2026-07-14
2013-11-01,sz.000813,德展健康,4.91694336,4.8657252,4.96816152,4.84011612,921598,7019821.0,0.253565,-0.6536,363456313.0,1768478541.2631876,2026-07-14
2013-11-04,sz.000813,德展健康,4.96175925,4.91694336,4.96175925,4.87852974,724322,5551762.0,0.199287,1.0526,363456723.0,1787096120.8022094,2026-07-14
2013-11-05,sz.000813,德展健康,4.91054109,4.90413882,4.94255244,4.80810477,1179783,9001709.0,0.750968,-0.2604,157101634.0,770448221.9848319,2026-07-14
2013-11-06,sz.000813,德展健康,4.90413882,4.91694336,4.9937706,4.87852974,1329287,10246047.0,0.846132,0.2611,157101611.0,772459723.051753,2026-07-14
2013-11-07,sz.000813,德展健康,4.91694336,4.8657252,4.91694336,4.84011612,1289136,9806970.0,0.820575,-1.0417,157101545.0,764412946.465434,2026-07-14
2013-11-08,sz.000813,德展健康,4.85932293,4.71207072,4.87852974,4.69286391,1790413,13281178.0,1.139653,-3.1579,157101591.0,740273807.0165155,2026-07-14
2013-11-11,sz.000813,德展健康,4.70566845,4.63524348,4.73127753,4.57762305,1606468,11608273.0,1.022567,-1.6304,157101491.0,728203661.8560287,2026-07-14
2013-11-12,sz.000813,德展健康,4.62884121,4.70566845,4.71207072,4.59042759,1371601,9968151.0,0.873067,1.5193,157101460.0,739267383.770937,2026-07-14
2013-11-13,sz.000813,德展健康,4.69286391,4.62243894,4.69286391,4.62243894,1019685,7407601.0,0.649061,-1.7687,157101567.0,726192400.835819,2026-07-14
2013-11-14,sz.000813,德展健康,4.61603667,4.64804802,4.66725483,4.59682986,817357,5909480.0,0.520273,0.554,157101560.0,730215594.8969113,2026-07-14
2013-11-15,sz.000813,德展健康,4.66725483,4.73127753,4.77609342,4.61603667,2102255,15481418.0,1.33815,1.7906,157101595.0,743291246.3506603,2026-07-14
2013-11-18,sz.000813,德展健康,4.75048434,4.78249569,4.8017025,4.73127753,1760492,13106514.0,1.120608,1.0825,157101502.0,751337256.2075264,2026-07-14
2013-11-19,sz.000813,德展健康,4.83371385,4.83371385,4.87212747,4.77609342,1896605,14310612.0,1.207248,1.071,157101523.0,759383807.5811934,2026-07-14
2013-11-20,sz.000813,德展健康,4.79530023,5.07059784,5.08340238,4.76328888,4253639,32809526.0,2.707573,4.9007,157101544.0,796598749.6670649,2026-07-14
2013-11-21,sz.000813,德展健康,5.00017287,5.10260919,5.21144778,4.9937706,5858071,46975410.0,3.728844,0.6313,157101531.0,801627715.8436699,2026-07-14
2013-11-22,sz.000813,德展健康,5.10260919,5.00017287,5.13462054,4.96175925,1985271,15556010.0,1.263687,-2.0075,157101482.0,785534568.1331934,2026-07-14
2013-11-25,sz.000813,德展健康,4.98736833,4.90413882,4.98736833,4.87852974,2360607,18104154.0,1.5026,-1.9206,157101491.0,770447520.6929806,2026-07-14
2013-11-26,sz.000813,德展健康,4.89773655,4.91054109,4.9297479,4.85292066,1563104,11932971.0,0.994964,0.1305,157101563.0,771453680.4147236,2026-07-14
2013-11-27,sz.000813,德展健康,4.90413882,4.9297479,4.94895471,4.87212747,1503537,11538371.0,0.957048,0.3911,157101525.0,774470912.9555475,2026-07-14
2013-11-28,sz.000813,德展健康,4.91054109,4.94255244,5.01297741,4.89773655,1889501,14643699.0,1.202726,0.2597,157101534.0,776482570.199443,2026-07-14
2013-11-29,sz.000813,德展健康,4.95535698,4.97456379,5.01297741,4.91694336,1777967,13769749.0,1.131731,0.6477,157101555.0,781511706.8556935,2026-07-14
2013-12-02,sz.000813,德展健康,4.90413882,4.69286391,4.90413882,4.64804802,2624907,19583189.0,1.670835,-5.6628,157101509.0,737256001.7926402,2026-07-14
2013-12-03,sz.000813,德展健康,4.68646164,4.76969115,4.77609342,4.66085256,1161755,8562274.0,0.739493,1.6371,157101555.0,749325896.5347382,2026-07-14
2013-12-04,sz.000813,德展健康,4.76328888,4.94255244,4.96175925,4.73127753,3017633,23081064.0,1.920817,3.6242,157101535.0,776482575.1419954,2026-07-14
2013-12-05,sz.000813,德展健康,4.9297479,4.8657252,4.96175925,4.85932293,2162821,16627786.0,1.376703,-1.5544,157101495.0,764412703.179174,2026-07-14
2013-12-06,sz.000813,德展健康,4.84651839,4.82731158,4.89773655,4.79530023,1784566,13451083.0,1.135932,-0.7895,157101481.0,758377798.46645,2026-07-14
2013-12-09,sz.000813,德展健康,4.83371385,4.78249569,4.85292066,4.76969115,1650167,12365230.0,1.050382,-0.9284,157101607.0,751337758.3695738,2026-07-14
2013-12-10,sz.000813,德展健康,4.8017025,4.8017025,4.80810477,4.75048434,1256171,9381899.0,0.799592,0.4016,157101497.0,754354650.8986425,2026-07-14
2013-12-11,sz.000813,德展健康,4.79530023,4.72487526,4.79530023,4.70566845,1207453,8925862.0,0.768581,-1.6,157101594.0,742285434.7971644,2026-07-14
2013-12-12,sz.000813,德展健康,4.71847299,4.71847299,4.75688661,4.70566845,1127495,8338642.0,0.717686,-0.1355,157101434.0,741278873.0192677,2026-07-14
2013-12-13,sz.000813,德展健康,4.72487526,4.79530023,4.80810477,4.68646164,1395087,10339777.0,0.888016,1.6282,157101561.0,753349151.596659,2026-07-14
2013-12-16,sz.000813,德展健康,4.78889796,4.71847299,4.8017025,4.71847299,974524,7240252.0,0.620315,-1.6021,157101473.0,741279057.0397143,2026-07-14
2013-12-17,sz.000813,德展健康,4.71847299,4.71847299,4.75048434,4.69286391,586080,4324549.0,0.373058,0.0,157101577.0,741279547.7609053,2026-07-14
2013-12-18,sz.000813,德展健康,4.71847299,4.68646164,4.74408207,4.6736571,756489,5554073.0,0.481529,-0.6784,157101441.0,736249876.8352232,2026-07-14
2013-12-19,sz.000813,德展健康,4.68646164,4.61603667,4.72487526,4.6096344,850053,6201056.0,0.541085,-1.5027,157101564.0,725186580.3383518,2026-07-14
2013-12-20,sz.000813,德展健康,4.65445029,4.5456117,4.65445029,4.52640489,1169963,8370052.0,0.744718,-1.5257,157101480.0,714122325.5753161,2026-07-14
2013-12-23,sz.000813,德展健康,4.55841624,4.43677311,4.57122078,4.39835949,1122296,7813462.0,0.714376,-2.3944,157101582.0,697024074.55606,2026-07-14
2013-12-24,sz.000813,德展健康,4.44957765,4.481589,4.55201397,4.42396857,1116942,7811016.0,0.710968,1.0101,157101585.0,704064735.218565,2026-07-14
2013-12-25,sz.000813,德展健康,4.46238219,4.47518673,4.48799127,4.43037084,703627,4901985.0,0.44788,-0.1429,157101679.0,703059349.1215197,2026-07-14
2013-12-26,sz.000813,德展健康,4.47518673,4.45597992,4.53280716,4.44317538,1193144,8357576.0,0.759473,-0.4292,157101569.0,700041436.8644944,2026-07-14
2013-12-27,sz.000813,德展健康,4.43677311,4.49439354,4.52000262,4.43677311,877867,6151024.0,0.55879,0.8621,157101416.0,706075589.1952527,2026-07-14
2013-12-30,sz.000813,德展健康,4.52000262,4.44957765,4.53920943,4.44957765,849386,5940741.0,0.540661,-0.9972,157101400.0,699034878.2237101,2026-07-14
2013-12-31,sz.000813,德展健康,4.52000262,4.50079581,4.52640489,4.46238219,831624,5842552.0,0.529354,1.1511,157101675.0,707082560.5839816,2026-07-14
2014-01-02,sz.000813,德展健康,4.50079581,4.55201397,4.56481851,4.481589,916018,6484096.0,0.583074,1.138,157101500.0,715128222.707955,2026-07-14
2014-01-03,sz.000813,德展健康,4.55201397,4.51360035,4.57122078,4.49439354,730214,5161214.0,0.464804,-0.8439,157101488.0,709093331.2223208,2026-07-14
2014-01-06,sz.000813,德展健康,4.52640489,4.36634814,4.52640489,4.35994587,1105935,7637866.0,0.703962,-3.2624,157101520.0,685959929.6431729,2026-07-14
2014-01-07,sz.000813,德展健康,4.33433679,4.32793452,4.36634814,4.31512998,872065,5909453.0,0.555096,-0.8798,157101654.0,679925671.4956962,2026-07-14
2014-01-08,sz.000813,德展健康,4.32793452,4.27031409,4.35994587,4.23830274,975794,6579500.0,0.621123,-1.3314,157101572.0,670873056.4727495,2026-07-14
2014-01-09,sz.000813,德展健康,4.26391182,4.15507323,4.34073906,4.0334301,1739596,11368563.0,1.107307,-2.6987,157101508.0,652768270.2834308,2026-07-14
2014-01-10,sz.000813,德展健康,4.14867096,4.00782102,4.15507323,4.00782102,1417200,8943554.0,0.902092,-3.5439,157101493.0,629634665.9187828,2026-07-14
2014-01-13,sz.000813,德展健康,4.23830274,4.05263691,4.23830274,4.02062556,1089708,6956868.0,0.693633,1.1182,157101522.0,636675426.6743771,2026-07-14
2014-01-14,sz.000813,德展健康,4.02062556,4.09105053,4.0974528,4.02062556,1187911,7549461.0,0.756142,0.9479,157101576.0,642710485.7586354,2026-07-14
2014-01-15,sz.000813,德展健康,4.11025734,4.21909593,4.25110728,4.07824599,1427450,9308677.0,0.908616,3.1299,157101570.0,662826594.58361,2026-07-14
2014-01-16,sz.000813,德展健康,4.2254982,4.2254982,4.32793452,4.17428004,968578,6416848.0,0.61653,0.1517,157101520.0,663832189.9772639,2026-07-14
2014-01-17,sz.000813,德展健康,4.2254982,4.09105053,4.2254982,4.06544145,1068338,6900861.0,0.68003,-3.1818,157101598.0,642710575.761747,2026-07-14
2014-01-20,sz.000813,德展健康,4.06544145,4.13586642,4.1614755,4.0334301,673179,4298671.0,0.428499,1.0955,157101650.0,649751438.761593,2026-07-14
2014-01-21,sz.000813,德展健康,4.13586642,4.11025734,4.18068231,4.0974528,1152622,7440301.0,0.73368,-0.6192,157101461.0,645727433.1999738,2026-07-14
2014-01-22,sz.000813,德展健康,4.11025734,4.18708458,4.20629139,4.11025734,1473558,9586388.0,0.937965,1.8692,157101598.0,657797678.4791588,2026-07-14
2014-01-23,sz.000813,德展健康,4.21909593,4.18068231,4.24470501,4.18068231,1105369,7257700.0,0.703602,-0.1529,157101458.0,656791286.3358079,2026-07-14
2014-01-24,sz.000813,德展健康,4.16787777,4.24470501,4.28311863,4.15507323,1780175,11741651.0,1.133137,1.5314,157101480.0,666849439.2344147,2026-07-14
2014-01-27,sz.000813,德展健康,4.2254982,4.19348685,4.23190047,4.17428004,1094528,7180603.0,0.696701,-1.2066,157101540.0,658803242.1047491,2026-07-14
2014-01-28,sz.000813,德展健康,4.2254982,4.12306188,4.23190047,4.0974528,1632437,10555213.0,1.039097,-1.6794,157101503.0,647739218.3100057,2026-07-14
2014-01-29,sz.000813,德展健康,4.14867096,4.25110728,4.25750955,4.12946415,1385870,9107134.0,0.882149,3.1056,157101578.0,667855661.9352878,2026-07-14
2014-01-30,sz.000813,德展健康,4.26391182,4.2254982,4.26391182,4.19348685,944254,6246131.0,0.601047,-0.6024,157101525.0,663832211.1047549,2026-07-14
2014-02-07,sz.000813,德展健康,4.27671636,4.55841624,4.64164575,4.25110728,4200492,29733901.0,2.673743,7.8788,157101561.0,716134306.9917506,2026-07-14
2014-02-10,sz.000813,德展健康,4.55201397,4.57762305,4.62243894,4.481589,3297845,23506770.0,2.099181,0.4213,157101508.0,719151484.2105594,2026-07-14
2014-02-11,sz.000813,德展健康,4.58402532,4.56481851,4.60323213,4.51360035,2266878,16113301.0,1.442938,-0.2797,157101553.0,717140077.084146,2026-07-14
2014-02-12,sz.000813,德展健康,4.5456117,4.55841624,4.57762305,4.53280716,1834663,13047767.0,1.16782,-0.1403,157101522.0,716134129.2135172,2026-07-14
2014-02-13,sz.000813,德展健康,4.57762305,4.58402532,4.76328888,4.55841624,2749533,20040019.0,1.750163,0.5618,157101539.0,720157432.5869675,2026-07-14
2014-02-14,sz.000813,德展健康,4.58402532,4.76969115,4.85932293,4.51360035,4351838,32005994.0,2.77008,4.0503,157101528.0,749325767.7530771,2026-07-14
2014-02-17,sz.000813,德展健康,4.85292066,4.81450704,4.87852974,4.71847299,2875633,21450394.0,1.83043,0.9396,157101501.0,756366282.559067,2026-07-14
2014-02-18,sz.000813,德展健康,4.8017025,4.74408207,4.8017025,4.71207072,2163045,15988403.0,1.376845,-1.4628,157101562.0,745302703.4531933,2026-07-14
2014-02-19,sz.000813,德展健康,4.75048434,4.75048434,4.76328888,4.69926618,1597247,11812631.0,1.016697,0.135,157101575.0,746308571.8268355,2026-07-14
2014-02-20,sz.000813,德展健康,4.75048434,4.71847299,4.83371385,4.71847299,2203175,16419054.0,1.402389,-0.6739,157101560.0,741279467.5468645,2026-07-14
2014-02-21,sz.000813,德展健康,4.76969115,4.7376798,4.80810477,4.68005937,1819395,13512215.0,1.158101,0.4071,157101583.0,744296996.3271235,2026-07-14
2014-02-24,sz.000813,德展健康,4.73127753,4.57762305,4.73127753,4.55841624,1717507,12378184.0,1.093246,-3.3784,157101604.0,719151923.6623721,2026-07-14
2014-02-25,sz.000813,德展健康,4.59682986,4.37275041,4.64804802,4.3535436,1706829,12096887.0,1.08645,-4.4755,157101477.0,686965547.9633555,2026-07-14
2014-02-26,sz.000813,德展健康,4.34073906,4.3535436,4.37275041,4.23190047,1542931,10379720.0,0.982123,-0.4392,157101605.0,683948686.997478,2026-07-14
2014-02-27,sz.000813,德展健康,4.38555495,4.32153225,4.41116403,4.30872771,1026145,6981624.0,0.653173,-0.7353,157101564.0,678919475.351439,2026-07-14
2014-02-28,sz.000813,德展健康,4.32153225,4.34714133,4.38555495,4.25750955,1217406,8187545.0,0.774917,0.5926,157101470.0,682942293.2407552,2026-07-14
2014-03-03,sz.000813,德展健康,4.34714133,4.39835949,4.39835949,4.2895209,1335610,9092408.0,0.850157,1.1782,157101571.0,690989185.7017587,2026-07-14
2014-03-04,sz.000813,德展健康,4.37915268,4.32793452,4.39835949,4.27031409,1655704,11152646.0,1.053907,-1.6012,157101528.0,679925126.1759466,2026-07-14
2014-03-05,sz.000813,德展健康,4.34714133,4.33433679,4.3535436,4.2895209,1638037,11049496.0,1.042661,0.1479,157101589.0,680931196.9701593,2026-07-14
2014-03-06,sz.000813,德展健康,4.32153225,4.53280716,4.5456117,4.18708458,3670379,25094931.0,2.33631,4.579,157101540.0,712110985.3590264,2026-07-14
2014-03-07,sz.000813,德展健康,4.49439354,4.75688661,4.77609342,4.48799127,5580572,40551588.0,3.552207,4.9435,157101543.0,747314226.3070391,2026-07-14
2014-03-10,sz.000813,德展健康,4.70566845,4.77609342,4.82731158,4.66725483,4528019,33531601.0,2.882224,0.4038,157101565.0,750331750.8682022,2026-07-14
2014-03-11,sz.000813,德展健康,4.76328888,4.68005937,4.9937706,4.63524348,11035724,82986442.0,7.02458,-2.0107,157101549.0,735244576.4389642,2026-07-14
2014-03-12,sz.000813,德展健康,4.66725483,4.82731158,4.84651839,4.57762305,5084592,37500557.0,3.2365,3.1464,157101560.0,758378179.8240647,2026-07-14
2014-03-13,sz.000813,德展健康,4.8017025,4.74408207,4.85292066,4.69286391,4203624,31288079.0,2.675737,-1.7241,157101539.0,745302594.3393058,2026-07-14
2014-03-14,sz.000813,德展健康,4.76969115,4.71207072,4.76969115,4.59682986,2530519,18371464.0,1.610754,-0.6748,157101519.0,740273467.7474236,2026-07-14
2014-03-17,sz.000813,德展健康,4.69286391,4.74408207,4.76328888,4.64164575,3327479,24478564.0,2.118043,0.6793,157101579.0,745302784.1025885,2026-07-14
2014-03-18,sz.000813,德展健康,4.70566845,4.61603667,4.75048434,4.61603667,2795847,20459735.0,1.779643,-2.6991,157101565.0,725186584.9543885,2026-07-14
2014-03-19,sz.000813,德展健康,4.53280716,4.481589,4.60323213,4.47518673,2968060,20967649.0,1.889262,-2.9126,157101556.0,704064605.252484,2026-07-14
2014-03-20,sz.000813,德展健康,4.481589,4.34714133,4.50079581,4.34073906,1865385,12923554.0,1.187375,-3.0,157101590.0,682942814.8977147,2026-07-14
2014-03-21,sz.000813,德展健康,4.32153225,4.46238219,4.46878446,4.30872771,1569495,10747672.0,0.999032,2.651,157101574.0,701047265.838567,2026-07-14
2014-03-24,sz.000813,德展健康,4.45597992,4.49439354,4.6096344,4.43677311,2046747,14469694.0,1.302818,0.7174,157101529.0,706076097.0617226,2026-07-14
2014-03-25,sz.000813,德展健康,4.46238219,4.52640489,4.59042759,4.46238219,1631993,11559425.0,1.038814,0.7123,157101560.0,711105269.4106284,2026-07-14
2014-03-26,sz.000813,德展健康,4.53280716,4.53280716,4.58402532,4.50719808,1314301,9350910.0,0.836593,0.1414,157101601.0,712111261.8602631,2026-07-14
2014-03-27,sz.000813,德展健康,4.53280716,4.4175663,4.58402532,4.4175663,1411546,9922195.0,0.898493,-2.5424,157101502.0,694006300.9145826,2026-07-14
2014-03-28,sz.000813,德展健康,4.4175663,4.29592317,4.43677311,4.25750955,1942500,13169430.0,1.236461,-2.7536,157101599.0,674896399.1881489,2026-07-14
2014-03-31,sz.000813,德展健康,4.27031409,4.37915268,4.43037084,4.27031409,1707821,11621441.0,1.087081,1.9374,157101541.0,687971634.3022798,2026-07-14
2014-04-01,sz.000813,德展健康,4.35994587,4.41116403,4.4175663,4.32793452,1190855,8144388.0,0.758016,0.731,157101565.0,693000772.584707,2026-07-14
2014-04-02,sz.000813,德展健康,4.40476176,4.44317538,4.46238219,4.36634814,1589051,10966342.0,1.01148,0.7257,157101574.0,698029845.7560481,2026-07-14
2014-04-03,sz.000813,德展健康,4.42396857,4.39835949,4.46238219,4.39195722,784639,5423123.0,0.499447,-1.0086,157101554.0,690989110.9296474,2026-07-14
2014-04-04,sz.000813,德展健康,4.39835949,4.46878446,4.53920943,4.39835949,1296344,9089377.0,0.825163,1.6012,157101567.0,702053041.2512488,2026-07-14
2014-04-08,sz.000813,德展健康,4.42396857,4.46238219,4.49439354,4.42396857,1352569,9422453.0,0.860952,-0.1433,157101557.0,701047189.9780698,2026-07-14
2014-04-09,sz.000813,德展健康,4.47518673,4.46878446,4.50079581,4.45597992,1512893,10562262.0,0.963003,0.1435,157101587.0,702053130.6269381,2026-07-14
2014-04-10,sz.000813,德展健康,4.48799127,4.8017025,4.91694336,4.46238219,7398488,54970451.0,4.709367,7.4499,157101538.0,754354847.768445,2026-07-14
2014-04-11,sz.000813,德展健康,4.7376798,4.64804802,4.76969115,4.62884121,3238330,23681368.0,2.061297,-3.2,157101572.0,730215650.6734874,2026-07-14
2014-04-14,sz.000813,德展健康,4.64164575,4.84651839,4.91694336,4.64164575,4610528,34476321.0,2.934744,4.27,157101539.0,761395497.8608022,2026-07-14
2014-04-15,sz.000813,德展健康,4.85932293,4.76328888,4.85932293,4.7376798,3398851,25416245.0,2.163474,-1.7173,157101541.0,748320023.276164,2026-07-14
2014-04-16,sz.000813,德展健康,4.71847299,4.80810477,4.90413882,4.6736571,4792695,36006856.0,3.050699,0.9409,157101536.0,755360644.6159267,2026-07-14
2014-04-17,sz.000813,德展健康,4.77609342,4.91694336,5.09620692,4.77609342,6001077,46281965.0,3.819871,2.2636,157101562.0,772459482.1215284,2026-07-14
2014-04-18,sz.000813,德展健康,4.8657252,4.82090931,4.87852974,4.76969115,2785354,20986914.0,1.772964,-1.9531,157101554.0,757372344.2940677,2026-07-14
2014-04-21,sz.000813,德展健康,4.74408207,4.72487526,4.85932293,4.6736571,2649033,19844687.0,1.686192,-1.992,157101504.0,742285009.5583911,2026-07-14
2014-04-22,sz.000813,德展健康,4.6736571,4.66725483,4.76969115,4.55201397,2697327,19582512.0,1.716932,-1.2195,157101563.0,733233028.7122993,2026-07-14
2014-04-23,sz.000813,德展健康,4.66085256,4.62243894,4.70566845,4.61603667,1270761,9248117.0,0.808879,-0.9602,157101495.0,726192068.0202154,2026-07-14
2014-04-24,sz.000813,德展健康,4.62243894,4.62884121,4.71207072,4.6096344,1152214,8364146.0,0.73342,0.1385,157101524.0,727198008.4450041,2026-07-14
2014-04-25,sz.000813,德展健康,4.6096344,4.44957765,4.62884121,4.43677311,1819344,12894581.0,1.158069,-3.8728,157101520.0,699035412.173028,2026-07-14
2014-04-28,sz.000813,德展健康,4.48799127,4.25750955,4.51360035,4.25110728,1841097,12479610.0,1.171915,-4.3165,157101582.0,668861485.6851081,2026-07-14
2014-04-29,sz.000813,德展健康,4.27031409,4.36634814,4.37915268,4.25750955,1162470,7840222.0,0.739948,2.5564,157101580.0,685960191.6240612,2026-07-14
2014-04-30,sz.000813,德展健康,4.3535436,4.32153225,4.39835949,4.26391182,2770892,18640967.0,1.763759,-1.0264,157101509.0,678919237.6671652,2026-07-14
2014-05-05,sz.000813,德展健康,4.32793452,4.3535436,4.38555495,4.29592317,2145512,14538825.0,1.365685,0.7407,157101528.0,683948351.7746208,2026-07-14
2014-05-06,sz.000813,德展健康,4.3535436,4.43037084,4.46238219,4.32153225,2438457,16830663.0,1.552153,1.7647,157101587.0,696018289.9625231,2026-07-14
2014-05-07,sz.000813,德展健康,4.40476176,4.44957765,4.52640489,4.37915268,2585353,17935819.0,1.645657,0.4335,157101571.0,699035639.1014882,2026-07-14
2014-05-08,sz.000813,德展健康,4.44317538,4.44957765,4.55841624,4.40476176,2939977,20577625.0,1.871386,0.0,157101581.0,699035683.5972646,2026-07-14
2014-05-09,sz.000813,德展健康,4.481589,4.46878446,4.51360035,4.38555495,1575664,10926167.0,1.002959,0.4317,157101537.0,702052907.187715,2026-07-14
2014-05-12,sz.000813,德展健康,4.481589,4.76328888,4.91694336,4.43677311,7762048,56880079.0,4.940784,6.5903,157101545.0,748320042.3293196,2026-07-14
2014-05-13,sz.000813,德展健康,4.68005937,4.70566845,4.73127753,4.60323213,5034881,36574399.0,3.204858,-1.2097,157101531.0,739267717.873397,2026-07-14
2014-05-14,sz.000813,德展健康,4.70566845,4.68646164,4.82731158,4.61603667,2873563,21115125.0,1.829112,-0.4082,157101533.0,736250307.9896941,2026-07-14
2014-05-15,sz.000813,德展健康,4.71847299,4.69926618,4.78249569,4.68005937,4312155,31752204.0,2.74482,0.2732,157101559.0,738262043.0339746,2026-07-14
2014-05-16,sz.000813,德展健康,4.66725483,4.53280716,4.66725483,4.481589,2997956,21306450.0,1.908292,-3.5422,157101534.0,712110958.1621834,2026-07-14
2014-05-19,sz.000813,德展健康,4.53280716,4.38555495,4.53280716,4.36634814,1957886,13526480.0,1.246255,-3.2486,157101556.0,688977506.5685023,2026-07-14
2014-05-20,sz.000813,德展健康,4.39835949,4.42396857,4.46238219,4.39195722,1500009,10358173.0,0.954802,0.8759,157101577.0,695012438.9454349,2026-07-14
2014-05-21,sz.000813,德展健康,4.43037084,4.56481851,4.57762305,4.3535436,1714982,12035495.0,1.091639,3.1838,157101569.0,717140150.1212423,2026-07-14
2014-05-22,sz.000813,德展健康,4.5456117,4.6096344,4.63524348,4.52640489,2348361,16812806.0,1.494805,0.9818,157101495.0,724180455.643428,2026-07-14
2014-05-23,sz.000813,德展健康,4.58402532,4.62243894,4.64164575,4.55841624,1545430,11120964.0,0.983714,0.2778,157101556.0,726192349.9889907,2026-07-14
2014-05-26,sz.000813,德展健康,4.62884121,4.71847299,4.76328888,4.62884121,2676478,19650482.0,1.703661,2.0776,157101560.0,741279467.5468645,2026-07-14
2014-05-27,sz.000813,德展健康,4.74408207,4.84651839,4.94895471,4.72487526,9212394,69663076.0,5.863974,2.7137,157101549.0,761395546.3259861,2026-07-14
2014-05-28,sz.000813,德展健康,4.8017025,4.87212747,4.94255244,4.74408207,4844726,36801052.0,3.083818,0.5284,157101554.0,765418796.8230883,2026-07-14
2014-05-29,sz.000813,德展健康,4.91054109,4.85932293,5.01297741,4.82731158,5403470,41430990.0,3.439476,-0.2628,157101547.0,763407149.6755728,2026-07-14
2014-05-30,sz.000813,德展健康,4.84011612,4.94895471,5.26906821,4.83371385,11006613,86999265.0,7.00605,1.8445,157101548.0,777488445.922891,2026-07-14
2014-06-03,sz.000813,德展健康,4.96175925,5.17303416,5.43552723,4.78249569,15081587,121048793.0,9.599897,4.5278,157101550.0,812691684.738948,2026-07-14
2014-06-04,sz.000813,德展健康,5.121816,5.15382735,5.30107956,5.01297741,7163497,57565509.0,4.559788,-0.3713,157101536.0,809674192.9638096,2026-07-14
2014-06-05,sz.000813,德展健康,5.121816,5.08980465,5.23705686,4.93615017,5435560,43372526.0,3.459902,-1.2422,157101560.0,799616250.6102539,2026-07-14
2014-06-06,sz.000813,德展健康,5.04498876,5.21144778,5.22425232,4.98096606,6644908,53304633.0,4.22969,2.3899,157101537.0,818726456.2332379,2026-07-14
2014-06-09,sz.000813,德展健康,5.15382735,5.03858649,5.15382735,4.94895471,5547569,43759951.0,3.5312,-3.317,157101524.0,791569616.3848108,2026-07-14
2014-06-10,sz.000813,德展健康,5.00017287,5.02578195,5.05139103,4.84651839,5975498,46250864.0,3.80359,-0.2541,157101528.0,789558023.7398195,2026-07-14
2014-06-11,sz.000813,德展健康,5.03218422,4.9937706,5.03218422,4.88493201,3908594,30352132.0,2.487941,-0.6369,157101555.0,784529126.5732831,2026-07-14
2014-06-12,sz.000813,德展健康,4.94255244,5.16663189,5.21785005,4.89133428,7438078,58832747.0,4.734567,3.4615,157101547.0,811685862.6985338,2026-07-14
2014-06-13,sz.000813,德展健康,5.19224097,5.16022962,5.32668864,5.10260919,11136427,90724997.0,7.088681,-0.1239,157101540.0,810680020.0556148,2026-07-14
2014-06-16,sz.000813,德展健康,5.09620692,4.9937706,5.09620692,4.97456379,6066042,47575290.0,3.861224,-3.2258,157101530.0,784529001.7290181,2026-07-14
2014-06-17,sz.000813,德展健康,5.00017287,5.00017287,5.09620692,4.96175925,4096641,32169534.0,2.607639,0.1282,157101539.0,785534853.143047,2026-07-14
2014-06-18,sz.000813,德展健康,4.96816152,5.04498876,5.08980465,4.96175925,3531043,27680954.0,2.247618,0.8963,157101563.0,792575619.5134319,2026-07-14
2014-06-19,sz.000813,德展健康,5.00017287,4.8017025,5.07700011,4.6736571,4634253,35087934.0,2.949846,-4.8223,157101523.0,754354775.7429075,2026-07-14
2014-06-20,sz.000813,德展健康,4.79530023,4.8017025,4.82090931,4.69926618,1813625,13517039.0,1.154429,0.0,157101476.0,754354550.06289,2026-07-14
2014-06-23,sz.000813,德展健康,4.81450704,4.8657252,4.97456379,4.75688661,3068408,23231103.0,1.953137,1.3333,157101524.0,764412844.2852048,2026-07-14
2014-06-24,sz.000813,德展健康,4.87852974,4.85932293,4.95535698,4.83371385,2989067,22851672.0,1.902634,-0.1316,157101523.0,763407033.0518224,2026-07-14
2014-06-25,sz.000813,德展健康,4.8657252,4.76969115,4.87852974,4.75688661,2144642,16086788.0,1.365131,-1.8445,157101553.0,749325886.995356,2026-07-14
2014-06-26,sz.000813,德展健康,4.77609342,4.83371385,4.88493201,4.77609342,2750327,20819544.0,1.750668,1.3423,157101575.0,759384058.9343137,2026-07-14
2014-06-27,sz.000813,德展健康,4.83371385,4.87852974,4.89133428,4.75688661,3828554,28815568.0,2.436993,0.9271,157101559.0,766424627.7818648,2026-07-14
2014-06-30,sz.000813,德展健康,4.84651839,4.82090931,4.95535698,4.7376798,6595725,49678483.0,4.198383,-1.1811,157101556.0,757372353.9358864,2026-07-14
2014-07-01,sz.000813,德展健康,4.8017025,4.81450704,4.8657252,4.76969115,3869428,29124923.0,2.463011,-0.1328,157101531.0,756366426.9942782,2026-07-14
2014-07-02,sz.000813,德展健康,4.79530023,4.80810477,4.83371385,4.76328888,3352816,25132495.0,2.134171,-0.133,157101563.0,755360774.4347554,2026-07-14
2014-07-03,sz.000813,德展健康,4.81450704,5.01297741,5.02578195,4.80810477,7814331,60245192.0,4.974064,4.261,157101537.0,787546456.0572792,2026-07-14
2014-07-04,sz.000813,德展健康,4.96816152,4.94255244,5.01297741,4.90413882,3339395,25820761.0,2.125628,-1.4049,157101572.0,776482758.0164357,2026-07-14
2014-07-07,sz.000813,德展健康,4.9297479,4.94895471,5.0577933,4.91054109,3197921,24808389.0,2.035576,0.1295,157101528.0,777488346.9437969,2026-07-14
2014-07-08,sz.000813,德展健康,4.95535698,5.01297741,5.01297741,4.90413882,2308517,17889468.0,1.469443,1.2937,157101500.0,787546270.577115,2026-07-14
2014-07-09,sz.000813,德展健康,5.01297741,4.84651839,5.05139103,4.84011612,3705366,28733121.0,2.35858,-3.3206,157101561.0,761395604.4842068,2026-07-14
2014-07-10,sz.000813,德展健康,4.84651839,4.76328888,4.8657252,4.7376798,3913412,29183035.0,2.491008,-1.7173,157101543.0,748320032.8027419,2026-07-14
2014-07-11,sz.000813,德展健康,4.74408207,4.83371385,4.87852974,4.7376798,2298663,17277127.0,1.46317,1.4785,157101567.0,759384020.2646029,2026-07-14
2014-07-14,sz.000813,德展健康,4.83371385,4.89773655,4.91054109,4.80810477,2437844,18549846.0,1.551763,1.3245,157101568.0,769442091.6559105,2026-07-14
2014-07-15,sz.000813,德展健康,4.91694336,4.8657252,4.94255244,4.84011612,2429229,18529796.0,1.54628,-0.6536,157101495.0,764412703.179174,2026-07-14
2014-07-16,sz.000813,德展健康,4.88493201,5.00017287,5.02578195,4.88493201,6332847,49136304.0,4.031053,2.7632,157101556.0,785534938.1459857,2026-07-14
2014-07-17,sz.000813,德展健康,4.96816152,4.95535698,5.00017287,4.88493201,4609153,35544704.0,2.933869,-0.8963,157101527.0,778494148.3881085,2026-07-14
2014-07-18,sz.000813,德展健康,4.96175925,5.00017287,5.08340238,4.92334563,4960146,38815983.0,3.157287,0.9044,157101524.0,785534778.1404539,2026-07-14
2014-07-21,sz.000813,德展健康,5.10901146,5.05139103,5.30748183,5.03858649,8752187,70345418.0,5.571038,1.0243,157101549.0,793581355.4177054,2026-07-14
2014-07-22,sz.000813,德展健康,4.98736833,5.14742508,5.17943643,4.95535698,5912517,47096648.0,3.7635,1.9011,157101554.0,808668479.1665742,2026-07-14
2014-07-23,sz.000813,德展健康,5.15382735,5.06419557,5.16022962,5.0577933,4566378,36372232.0,2.906641,-1.6169,157101548.0,795592963.4217423,2026-07-14
2014-07-24,sz.000813,德展健康,5.08340238,5.04498876,5.16663189,4.98096606,4039903,32091842.0,2.571523,-0.3793,157101570.0,792575654.8283532,2026-07-14
2014-07-25,sz.000813,德展健康,5.0577933,5.22425232,5.28187275,5.0577933,6957517,56382343.0,4.428675,3.5533,157101548.0,820738126.6145914,2026-07-14
2014-07-28,sz.000813,德展健康,5.24345913,5.35229772,5.49954993,5.16663189,10002559,83290850.0,6.366939,2.451,157101537.0,840854198.2935957,2026-07-14
2014-07-29,sz.000813,德展健康,5.41632042,5.53796355,5.64680214,5.30107956,14158709,120735526.0,9.012457,3.4689,157101543.0,870022618.7827576,2026-07-14
2014-07-30,sz.000813,德展健康,5.40991815,5.38430907,5.48034312,5.36510226,8026066,67934312.0,5.10884,-2.7746,157101534.0,845883214.4271133,2026-07-14
2014-07-31,sz.000813,德展健康,5.36510226,5.42912496,5.48034312,5.34589545,6160922,52008071.0,3.921618,0.8323,157101533.0,852923854.0645638,2026-07-14
2014-08-01,sz.000813,德展健康,5.3779068,5.22425232,5.40991815,5.20504551,6892395,57050649.0,4.387223,-3.7736,157101542.0,820738095.2690774,2026-07-14
2014-08-04,sz.000813,德展健康,5.2498614,5.33309091,5.33949318,5.22425232,3959849,32770778.0,2.520567,2.0833,157101517.0,837836672.2599105,2026-07-14
2014-08-05,sz.000813,德展健康,5.33949318,5.33949318,5.39711361,5.28827502,3594937,29971371.0,2.288289,0.1201,157101529.0,838842542.6630722,2026-07-14
2014-08-06,sz.000813,德展健康,5.30748183,5.34589545,5.36510226,5.22425232,4662672,38603078.0,2.967935,0.1199,157101554.0,839848482.7165294,2026-07-14
2014-08-07,sz.000813,德展健康,5.34589545,5.2498614,5.35229772,5.23065459,4371770,36080032.0,2.782767,-1.7964,157101547.0,824761347.4755858,2026-07-14
2014-08-08,sz.000813,德展健康,5.2498614,5.2498614,5.30107956,5.21785005,2561101,21006046.0,1.63022,0.0,157101557.0,824761399.9741999,2026-07-14
2014-08-11,sz.000813,德展健康,5.26266594,5.33949318,5.34589545,5.2498614,3627030,30065311.0,2.308717,1.7073,157101542.0,838842612.0764835,2026-07-14
2014-08-12,sz.000813,德展健康,5.33949318,5.35869999,5.35869999,5.27547048,3862647,32031336.0,2.458695,0.3597,157101511.0,841859865.4246849,2026-07-14
2014-08-13,sz.000813,德展健康,5.35869999,5.32668864,5.39071134,5.28827502,3360667,27976688.0,2.139169,-0.5974,157101519.0,836830876.5840442,2026-07-14
2014-08-14,sz.000813,德展健康,5.3138841,5.2498614,5.34589545,5.2498614,2965075,24554964.0,1.887362,-1.4423,157101552.0,824761373.7248929,2026-07-14
2014-08-15,sz.000813,德展健康,5.2498614,5.32028637,5.32028637,5.22425232,2707997,22315411.0,1.723724,1.3415,157101543.0,835825197.9288689,2026-07-14
2014-08-18,sz.000813,德展健康,5.35869999,5.34589545,5.37150453,5.3138841,3896040,32476053.0,2.47995,0.4813,157101554.0,839848482.7165294,2026-07-14
2014-08-19,sz.000813,德展健康,5.34589545,5.39711361,5.39711361,5.32028637,5244848,43834235.0,3.338508,0.9581,157101556.0,847894946.0397772,2026-07-14
2014-08-20,sz.000813,德展健康,5.39071134,5.35869999,5.41632042,5.32028637,4185624,35189188.0,2.664279,-0.7117,157101565.0,841860154.7944844,2026-07-14
2014-08-21,sz.000813,德展健康,5.37150453,5.38430907,5.41632042,5.32028637,4368759,36643554.0,2.78085,0.4779,157101570.0,845883408.2622398,2026-07-14
2014-08-22,sz.000813,德展健康,5.39071134,5.36510226,5.39711361,5.32028637,3247232,27182913.0,2.066964,-0.3567,157101527.0,842865757.557151,2026-07-14
2014-08-25,sz.000813,德展健康,5.39711361,5.49314766,5.53796355,5.36510226,8572596,73225988.0,5.456723,2.3866,157101542.0,862981967.8196918,2026-07-14
2014-08-26,sz.000813,德展健康,5.4419295,5.23705686,5.47394085,5.22425232,5264289,43948915.0,3.350883,-4.662,157101546.0,822749729.1959056,2026-07-14
2014-08-27,sz.000813,德展健康,5.19864324,5.22425232,5.26266594,5.16022962,2203832,17963606.0,1.402807,-0.2445,157101583.0,820738309.4634225,2026-07-14
2014-08-28,sz.000813,德展健康,5.20504551,5.13462054,5.26266594,5.121816,3899022,31472334.0,2.481848,-1.7157,157101563.0,806656912.2459041,2026-07-14
2014-08-29,sz.000813,德展健康,5.121816,5.19864324,5.22425232,5.121816,2247700,18152574.0,1.430731,1.2469,157101510.0,816714702.9552923,2026-07-14
2014-09-01,sz.000813,德展健康,5.20504551,5.28187275,5.28187275,5.17303416,3096132,25316548.0,1.970784,1.601,157101539.0,829790337.8271623,2026-07-14
2014-09-02,sz.000813,德展健康,5.30748183,5.37150453,5.38430907,5.26906821,5242897,43586988.0,3.337266,1.697,157101562.0,843871751.9530759,2026-07-14
2014-09-03,sz.000813,德展健康,5.39711361,5.53156128,5.53156128,5.32028637,9927957,84543798.0,6.319452,2.9797,157101549.0,869016845.4764227,2026-07-14
2014-09-04,sz.000813,德展健康,5.52515901,5.80685889,5.94770883,5.42912496,16982836,150797472.0,10.810101,4.9768,157101548.0,912266520.6365618,2026-07-14
2014-09-05,sz.000813,德展健康,5.74283619,5.81326116,6.15898374,5.73643392,17603760,163905186.0,11.205339,0.1103,157101539.0,913272274.8449252,2026-07-14
2014-09-09,sz.000813,德展健康,5.83246797,5.8900884,6.13337466,5.71082484,12236945,112501057.0,7.789195,1.3216,157101536.0,925341934.8157823,2026-07-14
2014-09-10,sz.000813,德展健康,5.88368613,5.97972018,6.03093834,5.77484754,8605390,79660137.0,5.477597,1.5217,157101554.0,939423332.7631598,2026-07-14
2014-09-11,sz.000813,德展健康,5.97972018,6.08855877,6.45348816,5.94130656,19912103,189033699.0,12.674671,1.8201,157101537.0,956521940.8818294,2026-07-14
2014-09-12,sz.000813,德展健康,6.12057012,6.02453607,6.12057012,5.97331791,6848881,64359177.0,4.359525,-1.0515,157101542.0,946463906.4316199,2026-07-14
2014-09-15,sz.000813,德展健康,6.0181338,5.94130656,6.0821565,5.88368613,8123539,75520949.0,5.170884,-1.3815,157101552.0,933388481.4837811,2026-07-14
2014-09-16,sz.000813,德展健康,5.94130656,5.76844527,5.99892699,5.76844527,7281800,66831643.0,4.635091,-2.9095,157101554.0,906231716.0809495,2026-07-14
2014-09-17,sz.000813,德展健康,5.76844527,5.83887024,5.86447932,5.73003165,4840251,43883618.0,3.08097,1.2209,157101530.0,917295448.1754673,2026-07-14
2014-09-18,sz.000813,德展健康,5.83887024,5.89649067,5.92850202,5.79405435,3658452,33510187.0,2.328718,0.9868,157101547.0,926347806.1280665,2026-07-14
2014-09-19,sz.000813,德展健康,5.92209975,5.94130656,5.98612245,5.8260657,3833192,35330996.0,2.439945,0.76,157101574.0,933388612.1925255,2026-07-14
2014-09-22,sz.000813,德展健康,5.90289294,5.78765208,5.90289294,5.74923846,3748435,33952919.0,2.385995,-2.5862,157101545.0,909249083.6904635,2026-07-14
2014-09-23,sz.000813,德展健康,5.74923846,5.86447932,5.90929521,5.73003165,3552365,32425197.0,2.26119,1.3274,157101570.0,921318908.4045324,2026-07-14
2014-09-24,sz.000813,德展健康,5.86447932,5.93490429,5.93490429,5.83246797,4524208,41726109.0,2.879799,1.2009,157101520.0,932382485.0135208,2026-07-14
2014-09-25,sz.000813,德展健康,5.96051337,5.81966343,5.98612245,5.81326116,4941781,45592200.0,3.145597,-1.9418,157101530.0,914278028.938048,2026-07-14
2014-09-26,sz.000813,德展健康,5.81966343,5.87728386,5.90289294,5.762043,4090401,37384190.0,2.603667,0.9901,157101542.0,923330357.1777122,2026-07-14
2014-09-29,sz.000813,德展健康,5.87728386,5.94130656,5.94130656,5.87088159,4780106,44159327.0,3.042686,1.0893,157101521.0,933388297.3032777,2026-07-14
2014-09-30,sz.000813,德展健康,5.93490429,5.97331791,5.99252472,5.90929521,4125902,38379560.0,2.626264,0.5388,157101571.0,938417627.7434366,2026-07-14
2014-10-08,sz.000813,德展健康,5.98612245,6.01173153,6.04374288,5.94770883,4517772,42294607.0,2.875702,0.6431,157101536.0,944452257.38263,2026-07-14
2014-10-09,sz.000813,德展健康,6.03093834,6.07575423,6.07575423,5.93490429,7128957,66927826.0,4.537802,1.065,157101544.0,954510370.4975312,2026-07-14
2014-10-10,sz.000813,德展健康,6.07575423,6.10776558,6.23581098,6.02453607,8358678,80267050.0,5.320558,0.5269,157101530.0,959539317.4993373,2026-07-14
2014-10-13,sz.000813,德展健康,6.10776558,6.00532926,6.12057012,5.93490429,3914441,36746251.0,2.491663,-1.6771,157101542.0,943446486.9637189,2026-07-14
2014-10-14,sz.000813,德展健康,5.99892699,5.91569748,6.04374288,5.90289294,4074223,38020671.0,2.593369,-1.4925,157101554.0,929365267.101884,2026-07-14
2014-10-15,sz.000813,德展健康,5.90289294,5.98612245,5.99892699,5.88368613,2996410,27800304.0,1.907308,1.1905,157101527.0,940428977.7039812,2026-07-14
2014-10-16,sz.000813,德展健康,5.92850202,5.80685889,5.99252472,5.77484754,4387764,40504786.0,2.792948,-2.9947,157101529.0,912266410.3062428,2026-07-14
2014-10-17,sz.000813,德展健康,5.80045662,5.71722711,5.85167478,5.5699749,4070895,36287876.0,2.591251,-1.5435,157101531.0,898185132.0557053,2026-07-14
2014-10-20,sz.000813,德展健康,5.71722711,5.78765208,5.81966343,5.70442257,1885894,17005756.0,1.20043,1.2318,157101539.0,909249048.9645511,2026-07-14
2014-10-21,sz.000813,德展健康,5.78765208,5.74283619,5.83246797,5.6980203,1830501,16520828.0,1.165171,-0.7743,157101490.0,902208122.2749231,2026-07-14
2014-10-22,sz.000813,德展健康,5.6980203,5.71082484,5.78765208,5.69161803,2059000,18434743.0,1.310617,-0.5574,157101579.0,897179599.7564224,2026-07-14
2014-10-23,sz.000813,德展健康,5.6980203,5.51235447,5.71082484,5.46753858,3416321,29688839.0,2.174594,-3.4753,157101556.0,865999464.4605553,2026-07-14
2014-10-24,sz.000813,德展健康,5.52515901,5.49314766,5.55076809,5.4419295,2031051,17422832.0,1.292827,-0.3484,157101530.0,862981901.9019198,2026-07-14
2014-10-27,sz.000813,德展健康,5.49954993,5.53796355,5.54436582,5.39711361,1687951,14447603.0,1.074433,0.8158,157101560.0,870022712.928138,2026-07-14
2014-10-28,sz.000813,德展健康,5.53796355,5.65320441,5.69161803,5.53796355,2097856,18433482.0,1.33535,2.0809,157101584.0,888127367.4867854,2026-07-14
2014-10-29,sz.000813,德展健康,5.66600895,5.73643392,5.77484754,5.64039987,3098160,27669320.0,1.972075,1.4723,157101530.0,901202545.5758976,2026-07-14
2014-10-30,sz.000813,德展健康,5.79405435,5.71722711,5.80045662,5.6980203,2720890,24438025.0,1.731931,-0.3348,157101524.0,898185092.0351156,2026-07-14
2014-10-31,sz.000813,德展健康,5.74923846,5.74923846,5.76844527,5.67881349,2696126,24091726.0,1.716168,0.5599,157101519.0,903214095.1592207,2026-07-14
2014-11-03,sz.000813,德展健康,5.75564073,5.88368613,5.91569748,5.66600895,4969634,45319219.0,3.163326,2.3385,157101544.0,924336175.4343847,2026-07-14
2014-11-04,sz.000813,德展健康,5.87088159,5.81326116,5.94130656,5.80045662,3447059,31517255.0,2.194233,-1.1969,157096307.0,913241859.8625361,2026-07-14
2014-11-05,sz.000813,德展健康,5.762043,5.69161803,5.79405435,5.64680214,3456948,30760748.0,2.200528,-2.0925,157096297.0,894132116.4514349,2026-07-14
2014-11-06,sz.000813,德展健康,5.66600895,5.68521576,5.71722711,5.6339976,2489963,22100303.0,1.584992,-0.1125,157096250.0,893126076.3369,2026-07-14
2014-11-07,sz.000813,德展健康,5.72362938,5.6980203,5.8260657,5.65960668,3443315,30992149.0,0.947395,0.2252,363450831.0,2070950213.0898693,2026-07-14
2014-11-10,sz.000813,德展健康,5.68521576,5.91569748,5.94130656,5.68521576,6192192,56811927.0,1.703722,3.8202,363450845.0,2150065247.870371,2026-07-14
2014-11-11,sz.000813,德展健康,5.94770883,5.68521576,5.96051337,5.42272269,6359388,57197179.0,1.749725,-3.8961,363450714.0,2066295727.2160528,2026-07-14
2014-11-12,sz.000813,德展健康,5.60198625,5.65320441,5.71082484,5.53796355,4169423,36575280.0,1.147177,-0.5631,363450714.0,2054661179.2024486,2026-07-14
2014-11-13,sz.000813,德展健康,5.62759533,5.55076809,5.65320441,5.4419295,4012142,34778176.0,1.103903,-1.812,363450593.0,2017429953.9159775,2026-07-14
2014-11-14,sz.000813,德展健康,5.49954993,5.57637717,5.57637717,5.42912496,2698093,23170583.0,0.742355,0.4614,363450505.0,2026737098.506971,2026-07-14
2014-11-17,sz.000813,德展健康,5.58277944,5.68521576,5.71082484,5.49314766,3055543,26920040.0,0.840703,1.9518,363450945.0,2066297040.5008934,2026-07-14
2014-11-18,sz.000813,德展健康,5.67881349,5.64680214,5.71722711,5.5699749,1808108,16044623.0,0.497484,-0.6757,363450483.0,2052332965.1884336,2026-07-14
2014-11-19,sz.000813,德展健康,5.65320441,5.61479079,5.66600895,5.58277944,1999583,17508977.0,0.550166,-0.5669,363450849.0,2040700479.5828807,2026-07-14
2014-11-20,sz.000813,德展健康,5.57637717,5.64680214,5.66600895,5.55076809,1802781,15822095.0,0.496018,0.5701,363450722.0,2052334314.7741451,2026-07-14
2014-11-21,sz.000813,德展健康,5.65320441,5.65320441,5.67241122,5.60838852,2071976,18260163.0,0.570084,0.1134,363451000.0,2054662796.01891,2026-07-14
2014-11-24,sz.000813,德展健康,5.71082484,5.69161803,5.74923846,5.65320441,3110372,27688862.0,0.855789,0.6795,363450804.0,2068623149.0643961,2026-07-14
2014-11-25,sz.000813,德展健康,5.6980203,5.81326116,5.8260657,5.68521576,3693186,33231361.0,1.016145,2.1372,363450689.0,2112833773.938939,2026-07-14
2014-11-26,sz.000813,德展健康,5.81326116,5.80045662,5.85167478,5.762043,3556359,32224964.0,0.978498,-0.2203,363450820.0,2108180714.9134285,2026-07-14
2014-11-27,sz.000813,德展健康,5.78124981,5.81966343,5.85167478,5.74283619,4886028,44284964.0,1.344344,0.3311,363450724.0,2115160887.0698235,2026-07-14
2014-11-28,sz.000813,德展健康,5.81966343,5.81326116,5.91569748,5.762043,4943371,45042778.0,1.360121,-0.11,363450825.0,2112834564.5424569,2026-07-14
2014-12-01,sz.000813,德展健康,5.8260657,5.71722711,5.8900884,5.70442257,4309282,38977258.0,1.185658,-1.652,363450675.0,2077930052.2577991,2026-07-14
2014-12-02,sz.000813,德展健康,5.73643392,5.72362938,5.78124981,5.68521576,3643255,32613938.0,1.002407,0.112,363450674.0,2080256955.8872023,2026-07-14
2014-12-03,sz.000813,德展健康,5.71722711,5.8900884,5.8900884,5.6339976,9466024,86066617.0,2.604486,2.9083,363450754.0,2140757070.1066535,2026-07-14
2014-12-04,sz.000813,德展健康,5.8900884,5.89649067,5.92209975,5.83887024,8136451,74721085.0,2.238667,0.1087,363450705.0,2143083691.0374224,2026-07-14
2014-12-05,sz.000813,德展健康,5.88368613,5.60838852,5.8900884,5.5699749,7345473,65361030.0,2.021037,-4.886,363450694.0,2038372699.8156328,2026-07-14
2014-12-08,sz.000813,德展健康,5.55076809,5.64039987,5.65320441,5.55076809,4309559,37735232.0,1.185734,0.5708,363450740.0,2050007506.647404,2026-07-14
2014-12-09,sz.000813,德展健康,5.61479079,5.29467729,5.61479079,5.28187275,6591874,56624120.0,1.813691,-6.1294,363450775.0,1924354564.4253998,2026-07-14
2014-12-10,sz.000813,德展健康,5.30107956,5.49954993,5.49954993,5.2498614,3189729,26822445.0,0.877623,3.8694,363450935.0,1998816564.1376843,2026-07-14
2014-12-11,sz.000813,德展健康,5.49314766,5.55076809,5.55717036,5.41632042,3729711,31920953.0,1.026194,0.9313,363450868.0,2017431480.377202,2026-07-14
2014-12-12,sz.000813,德展健康,5.51875674,5.5699749,5.58918171,5.49954993,3143720,27280772.0,0.864965,0.346,363450544.0,2024410407.4713457,2026-07-14
2014-12-15,sz.000813,德展健康,5.55076809,5.62759533,5.62759533,5.51875674,3056252,26646448.0,0.840899,1.0345,363450545.0,2045352589.7279549,2026-07-14
2014-12-16,sz.000813,德展健康,5.64680214,5.65320441,5.74283619,5.6339976,3608106,32005534.0,0.992736,0.4551,363450706.0,2054661133.9768133,2026-07-14
2014-12-17,sz.000813,德展健康,5.61479079,5.4419295,5.62119306,5.38430907,4221597,36228920.0,1.161532,-3.7373,363450770.0,1977873467.060715,2026-07-14
2014-12-18,sz.000813,德展健康,5.4419295,5.39711361,5.48674539,5.39071134,2270323,19293079.0,0.624658,-0.8235,363450560.0,1961583963.9381216,2026-07-14
2014-12-19,sz.000813,德展健康,5.36510226,5.3138841,5.36510226,5.22425232,3243635,26821838.0,0.892455,-1.5421,363450818.0,1931335522.9021938,2026-07-14
2014-12-22,sz.000813,德展健康,5.3138841,5.04498876,5.3138841,5.04498876,3525392,28291504.0,0.969978,-5.0602,363450717.0,1833604782.0789409,2026-07-14
2014-12-23,sz.000813,德展健康,4.89773655,4.96175925,5.0577933,4.89773655,2605293,20263153.0,0.716821,-1.6497,363450987.0,1803356296.6688797,2026-07-14
2014-12-24,sz.000813,德展健康,5.00017287,5.10901146,5.13462054,4.96816152,1846427,14512534.0,0.508027,2.9677,363450565.0,1856873101.7284749,2026-07-14
2014-12-25,sz.000813,德展健康,5.121816,5.28827502,5.28827502,5.07059784,2907394,23639850.0,0.799942,3.5088,363450600.0,1922026728.9840121,2026-07-14
2014-12-26,sz.000813,德展健康,5.28827502,5.38430907,5.49314766,5.20504551,4555107,38298880.0,1.253294,1.816,363450794.0,1956931406.6329014,2026-07-14
2014-12-29,sz.000813,德展健康,5.37150453,5.29467729,5.40351588,5.23705686,2587023,21452202.0,0.711795,-1.6647,363450572.0,1924353489.6059098,2026-07-14
2014-12-30,sz.000813,德展健康,5.28827502,5.10901146,5.28827502,5.09620692,2014285,16249931.0,0.554211,-3.5067,363450924.0,1856874935.8635888,2026-07-14
2014-12-31,sz.000813,德展健康,5.16663189,5.16022962,5.16663189,5.08980465,1032524,8273169.0,0.284089,1.0025,363450890.0,1875490047.9933617,2026-07-14
2015-01-05,sz.000813,德展健康,5.15382735,5.33949318,5.37150453,5.10260919,3376267,27936108.0,0.928948,3.4739,363450591.0,1940641951.9114692,2026-07-14
2015-01-06,sz.000813,德展健康,5.32028637,5.3779068,5.39711361,5.26906821,2174761,18122353.0,0.598365,0.7194,363450569.0,1954603286.488969,2026-07-14
2015-01-07,sz.000813,德展健康,5.3779068,5.39711361,5.42912496,5.30107956,1975284,16581946.0,0.543481,0.3572,363450424.0,1961583229.9306705,2026-07-14
2015-01-08,sz.000813,德展健康,5.35869999,5.30107956,5.40991815,5.28827502,1660801,13810092.0,0.456954,-1.7794,363450369.0,1926679322.1803575,2026-07-14
2015-01-09,sz.000813,德展健康,5.30107956,5.22425232,5.34589545,5.21785005,2108425,17436227.0,0.580113,-1.4493,363450741.0,1898758376.874969,2026-07-14
2015-01-12,sz.000813,德展健康,5.21785005,5.14102281,5.21785005,5.02578195,2395195,19152352.0,0.659015,-1.5931,363450756.0,1868508626.9077444,2026-07-14
2015-01-13,sz.000813,德展健康,5.1858387,5.3779068,5.4419295,5.17303416,5435299,45589275.0,1.495471,4.6077,363450645.0,1954603695.209886,2026-07-14
2015-01-14,sz.000813,德展健康,5.3138841,5.26266594,5.34589545,5.2498614,1945215,16063978.0,0.535207,-2.1428,363450964.0,1912721009.102966,2026-07-14
2015-01-15,sz.000813,德展健康,5.2498614,5.28827502,5.33309091,5.19864324,1448078,11929826.0,0.398425,0.4866,363450587.0,1922026660.2364368,2026-07-14
2015-01-16,sz.000813,德展健康,5.28827502,5.29467729,5.34589545,5.26266594,2209717,18310972.0,0.607983,0.1211,363450458.0,1924352886.012699,2026-07-14
2015-01-19,sz.000813,德展健康,5.19864324,5.01297741,5.26906821,4.98096606,3097933,24867227.0,0.852367,-5.3204,363450603.0,1821969662.4898784,2026-07-14
2015-01-20,sz.000813,德展健康,5.02578195,5.16022962,5.1858387,5.02578195,1926430,15458910.0,0.530039,2.9374,363450614.0,1875488623.7699866,2026-07-14
2015-01-21,sz.000813,德展健康,5.16663189,5.26906821,5.30107956,5.16663189,2329072,19078356.0,0.640822,2.1092,363450693.0,1915046492.3887696,2026-07-14
2015-01-22,sz.000813,德展健康,5.3138841,5.37150453,5.39071134,5.28187275,2998092,25042239.0,0.824896,1.9441,363450908.0,1952278198.7546134,2026-07-14
2015-01-23,sz.000813,德展健康,5.3779068,5.3779068,5.40991815,5.30748183,3248449,27201454.0,0.89378,0.1192,363450625.0,1954603587.6517498,2026-07-14
2015-01-26,sz.000813,德展健康,5.40991815,5.46753858,5.46753858,5.32668864,3766231,31789655.0,1.036242,1.6667,363450912.0,1987181883.296185,2026-07-14
2015-01-27,sz.000813,德展健康,5.46753858,5.49954993,5.51235447,5.38430907,4466738,38118457.0,1.22898,0.5855,363450829.0,1998815981.185392,2026-07-14
2015-01-28,sz.000813,德展健康,5.51235447,5.52515901,5.54436582,5.46113631,3378063,29024728.0,0.929442,0.4657,363450651.0,2008122639.0630157,2026-07-14
2015-01-29,sz.000813,德展健康,5.51235447,5.4419295,5.51235447,5.3779068,2479147,21112658.0,0.682114,-1.5064,363450538.0,1977872204.5330708,2026-07-14
2015-01-30,sz.000813,德展健康,5.4419295,5.40991815,5.46113631,5.38430907,1887561,15967985.0,0.519344,-0.5882,363451007.0,1966240199.4050772,2026-07-14
2015-02-02,sz.000813,德展健康,5.30107956,5.44833177,5.48674539,5.28187275,2750947,23348230.0,0.756897,0.7101,363450641.0,1980199674.1871645,2026-07-14
2015-02-03,sz.000813,德展健康,5.47394085,5.44833177,5.49954993,5.39071134,1934077,16449488.0,0.532143,0.0,363450614.0,1980199527.082207,2026-07-14
2015-02-04,sz.000813,德展健康,5.44833177,5.43552723,5.49954993,5.39711361,2743471,23358718.0,0.75484,-0.235,363450665.0,1975545986.369108,2026-07-14
2015-02-05,sz.000813,德展健康,5.43552723,5.47394085,5.55717036,5.43552723,3246116,27860987.0,0.893138,0.7067,363450665.0,1989507442.1031651,2026-07-14
2015-02-06,sz.000813,德展健康,5.46113631,5.3138841,5.48034312,5.30107956,2278340,19171292.0,0.626863,-2.924,363451025.0,1931336622.8762026,2026-07-14
2015-02-09,sz.000813,德展健康,5.3138841,5.2498614,5.34589545,5.24345913,1211781,10013818.0,0.33341,-1.2048,363450706.0,1908065832.2321484,2026-07-14
2015-02-10,sz.000813,德展健康,5.23065459,5.2498614,5.28187275,5.1858387,1508527,12336081.0,0.415057,0.0,363450562.0,1908065076.252107,2026-07-14
2015-02-11,sz.000813,德展健康,5.24345913,5.27547048,5.33949318,5.19224097,2053796,16824246.0,0.565082,0.4878,363450968.0,1917374852.6114247,2026-07-14
2015-02-12,sz.000813,德展健康,5.24345913,5.40351588,5.40351588,5.23705686,2131643,17744767.0,0.586501,2.4272,363450872.0,1963912558.4518473,2026-07-14
2015-02-13,sz.000813,德展健康,5.40351588,5.48674539,5.56357263,5.39711361,4430655,38020925.0,1.219052,1.5403,363450862.0,1994162341.5700264,2026-07-14
2015-02-16,sz.000813,德展健康,5.48034312,5.55717036,5.58277944,5.45473404,3597985,31179910.0,0.989951,1.2836,363450817.0,2019758107.550184,2026-07-14
2015-02-17,sz.000813,德展健康,5.53796355,5.55076809,5.58277944,5.51235447,2209710,19138134.0,0.607981,-0.1152,363450503.0,2017429454.3468492,2026-07-14
2015-02-25,sz.000813,德展健康,5.58918171,5.57637717,5.65320441,5.51875674,2676423,23360953.0,0.736392,0.4614,363450852.0,2026739033.5098488,2026-07-14
2015-02-26,sz.000813,德展健康,5.58277944,5.62119306,5.6339976,5.54436582,1895459,16565390.0,0.521517,0.8037,363451048.0,2043028508.667327,2026-07-14
2015-02-27,sz.000813,德展健康,5.62119306,5.62119306,5.62119306,5.62119306,0,0.0,0.0,0.0,363451048.0,2043028508.667327,2026-07-14
2015-03-02,sz.000813,德展健康,5.62119306,5.62119306,5.62119306,5.62119306,0,0.0,0.0,0.0,363451048.0,2043028508.667327,2026-07-14
2015-03-03,sz.000813,德展健康,5.62119306,5.62119306,5.62119306,5.62119306,0,0.0,0.0,0.0,363451048.0,2043028508.667327,2026-07-14
2015-03-04,sz.000813,德展健康,5.62119306,5.62119306,5.62119306,5.62119306,0,0.0,0.0,0.0,363451048.0,2043028508.667327,2026-07-14
2015-03-05,sz.000813,德展健康,5.62119306,5.62119306,5.62119306,5.62119306,0,0.0,0.0,0.0,363451048.0,2043028508.667327,2026-07-14
2015-03-06,sz.000813,德展健康,5.762043,5.66600895,5.91569748,5.60838852,12973835,115987810.0,3.569627,0.7973,363450719.0,2059315026.737935,2026-07-14
2015-03-09,sz.000813,德展健康,5.58277944,5.62119306,5.65960668,5.46113631,6489703,56216939.0,1.78558,-0.791,363450699.0,2043026546.870949,2026-07-14
2015-03-10,sz.000813,德展健康,5.60838852,5.67241122,5.73003165,5.5699749,5652996,50122401.0,1.555368,0.9112,363450707.0,2061641868.3037324,2026-07-14
2015-03-11,sz.000813,德展健康,5.67241122,5.87728386,6.03093834,5.66600895,11112288,101280163.0,3.05744,3.6117,363450730.0,2136103109.334218,2026-07-14
2015-03-12,sz.000813,德展健康,5.83887024,5.87088159,5.93490429,5.78124981,6148700,56343842.0,1.691756,-0.1089,363450758.0,2133776364.013745,2026-07-14
2015-03-13,sz.000813,德展健康,5.83887024,5.85807705,5.97972018,5.83887024,4341160,39921008.0,1.194429,-0.2181,363450653.0,2129121929.1468139,2026-07-14
2015-03-16,sz.000813,德展健康,5.87088159,5.9541111,6.10776558,5.86447932,7617633,70903751.0,2.095919,1.6394,363450734.0,2164026049.6125474,2026-07-14
2015-03-17,sz.000813,德展健康,6.05014515,6.0181338,6.0821565,5.9541111,9366991,87999483.0,2.577238,1.0753,363450756.0,2187295279.319153,2026-07-14
2015-03-18,sz.000813,德展健康,6.00532926,6.06935196,6.07575423,5.96691564,7108653,66922478.0,1.955878,0.8511,363450737.0,2205910442.9743943,2026-07-14
2015-03-19,sz.000813,德展健康,6.0821565,6.1461792,6.26782233,6.06935196,7801376,75133643.0,2.146474,1.2658,363450757.0,2233833482.8976545,2026-07-14
2015-03-20,sz.000813,德展健康,6.13977693,6.15258147,6.19739736,6.07575423,7448071,71260031.0,2.049266,0.1042,363450670.0,2236159857.501085,2026-07-14
2015-03-23,sz.000813,德展健康,6.17178828,6.28702914,6.35745411,6.15258147,8611357,84201666.0,2.369333,2.1852,363450684.0,2285025041.2609315,2026-07-14
2015-03-24,sz.000813,德展健康,6.22940871,6.0821565,6.24221325,5.92209975,10530014,100543074.0,2.897233,-3.2587,363450713.0,2210564116.5025845,2026-07-14
2015-03-25,sz.000813,德展健康,6.06935196,6.49190178,6.64555626,6.00532926,14406120,141786441.0,3.963706,6.7368,363450771.0,2359486707.1972723,2026-07-14
2015-03-26,sz.000813,德展健康,6.40227,6.37025865,6.49830405,6.31263822,7635294,76269283.0,2.100778,-1.8738,363450779.0,2315275468.7739882,2026-07-14
2015-03-27,sz.000813,德展健康,6.37666092,6.45989043,6.51110859,6.32544276,8014901,80363081.0,2.205223,1.407,363450817.0,2347852454.5139813,2026-07-14
2015-03-30,sz.000813,德展健康,6.60074037,6.54311994,6.81201528,6.48549951,9672045,99592275.0,2.661171,1.2884,363450714.0,2378101613.980637,2026-07-14
2015-03-31,sz.000813,德展健康,6.56872902,6.42787908,6.5943381,6.37666092,7394584,74808228.0,2.034549,-1.7613,363450770.0,2336217601.0928917,2026-07-14
2015-04-01,sz.000813,德展健康,6.40867227,6.56232675,6.58153356,6.37666092,7937577,80583947.0,2.183948,2.0916,363450824.0,2385083064.644742,2026-07-14
2015-04-02,sz.000813,德展健康,6.56872902,6.72878577,6.7864062,6.50470632,11519295,119243586.0,3.169424,2.5366,363450741.0,2445582174.1367555,2026-07-14
2015-04-03,sz.000813,德展健康,6.70317669,6.74159031,6.78000393,6.62634945,7696276,80634578.0,2.117557,0.1903,363450712.0,2450235798.181801,2026-07-14
2015-04-07,sz.000813,德展健康,6.84402663,6.83122209,6.8504289,6.69037215,8990245,95169966.0,2.47358,1.3295,363450747.0,2482812771.533401,2026-07-14
2015-04-08,sz.000813,德展健康,6.84402663,6.80561301,6.85683117,6.61354491,8985470,94417048.0,2.472266,-0.3749,363450778.0,2473505343.251422,2026-07-14
2015-04-09,sz.000813,德展健康,6.81841755,7.11292197,7.26657645,6.67116534,15863527,172863043.0,4.364698,4.5155,363450736.0,2585196725.10707,2026-07-14
2015-04-10,sz.000813,德展健康,6.99127884,7.20255375,7.22176056,6.9784743,9941614,110627782.0,2.73534,1.2601,363450759.0,2617773627.175796,2026-07-14
2015-04-13,sz.000813,德展健康,7.19615148,7.37541504,7.52266725,7.07450835,10005397,114607968.0,2.752889,2.4,363450797.0,2680600474.493787,2026-07-14
2015-04-14,sz.000813,德展健康,7.31779461,7.33700142,7.47785136,7.2345651,8492105,97632291.0,2.336522,-0.5208,363450676.0,2666638125.91196,2026-07-14
2015-04-15,sz.000813,德展健康,7.2985878,6.90164706,7.2985878,6.83762436,8784443,96582326.0,2.416956,-5.9337,363450679.0,2508408310.175354,2026-07-14
2015-04-16,sz.000813,德展健康,6.81841755,6.95286522,7.05530154,6.68396988,5768565,62091804.0,1.587166,0.7421,363450641.0,2527023320.995606,2026-07-14
2015-04-17,sz.000813,德展健康,6.9784743,7.01048565,7.1065197,6.87603798,7655695,83837549.0,2.106391,0.8287,363450803.0,2547966638.912477,2026-07-14
2015-04-20,sz.000813,德展健康,7.01048565,6.7864062,7.15133559,6.7864062,9751224,105817638.0,2.682956,-3.1963,363450761.0,2466524497.845118,2026-07-14
2015-04-21,sz.000813,德展健康,6.76079712,7.10011743,7.14493332,6.76079712,8365305,91291218.0,2.301634,4.6226,363450705.0,2580542685.5162883,2026-07-14
2015-04-22,sz.000813,德展健康,7.15773786,7.27297872,7.29218553,7.09371516,10129362,114155457.0,2.786997,2.4346,363450768.0,2643369701.431657,2026-07-14
2015-04-23,sz.000813,德展健康,7.28578326,7.24736964,7.34980596,7.1065197,8920875,100626527.0,2.454493,-0.3521,363450823.0,2634062460.2432137,2026-07-14
2015-04-24,sz.000813,德展健康,7.17694467,7.26657645,7.30499007,7.1065197,9015696,101504454.0,2.480583,0.265,363450689.0,2641042217.423674,2026-07-14
2015-04-27,sz.000813,德展健康,7.40102412,7.30499007,7.57388541,7.28578326,11980330,138213324.0,3.296273,0.5286,363450782.0,2655004353.4437346,2026-07-14
2015-04-28,sz.000813,德展健康,7.34980596,7.03609473,7.3626105,6.99127884,7313078,81488447.0,2.012124,-3.681,363450662.0,2557273287.5132113,2026-07-14
2015-04-29,sz.000813,德展健康,6.96566976,7.34340369,7.37541504,6.95286522,8373761,94509392.0,2.30396,4.3676,363450798.0,2668965931.1666446,2026-07-14
2015-04-30,sz.000813,德展健康,7.34980596,7.20255375,7.45224228,7.20255375,6417201,73036032.0,1.765632,-1.918,363450651.0,2617772849.299991,2026-07-14
2015-05-04,sz.000813,德展健康,7.20255375,7.20255375,7.20255375,7.20255375,0,0.0,0.0,0.0,363450651.0,2617772849.299991,2026-07-14
2015-05-05,sz.000813,德展健康,7.20255375,7.20255375,7.20255375,7.20255375,0,0.0,0.0,0.0,363450651.0,2617772849.299991,2026-07-14
2015-05-06,sz.000813,德展健康,7.20255375,7.20255375,7.20255375,7.20255375,0,0.0,0.0,0.0,363450651.0,2617772849.299991,2026-07-14
2015-05-07,sz.000813,德展健康,7.20255375,7.20255375,7.20255375,7.20255375,0,0.0,0.0,0.0,363450651.0,2617772849.299991,2026-07-14
2015-05-08,sz.000813,德展健康,7.20255375,7.20255375,7.20255375,7.20255375,0,0.0,0.0,0.0,363450651.0,2617772849.299991,2026-07-14
2015-05-11,sz.000813,德展健康,7.20255375,7.20255375,7.20255375,7.20255375,0,0.0,0.0,0.0,363450651.0,2617772849.299991,2026-07-14
2015-05-12,sz.000813,德展健康,7.20255375,7.20255375,7.20255375,7.20255375,0,0.0,0.0,0.0,363450651.0,2617772849.299991,2026-07-14
2015-05-13,sz.000813,德展健康,7.20255375,7.20255375,7.20255375,7.20255375,0,0.0,0.0,0.0,363450651.0,2617772849.299991,2026-07-14
2015-05-14,sz.000813,德展健康,7.20255375,7.20255375,7.20255375,7.20255375,0,0.0,0.0,0.0,363450651.0,2617772849.299991,2026-07-14
2015-05-15,sz.000813,德展健康,7.20255375,7.20255375,7.20255375,7.20255375,0,0.0,0.0,0.0,363450651.0,2617772849.299991,2026-07-14
2015-05-18,sz.000813,德展健康,7.20255375,7.20255375,7.20255375,7.20255375,0,0.0,0.0,0.0,363450651.0,2617772849.299991,2026-07-14
2015-05-19,sz.000813,德展健康,7.20255375,7.20255375,7.20255375,7.20255375,0,0.0,0.0,0.0,363450651.0,2617772849.299991,2026-07-14
2015-05-20,sz.000813,德展健康,7.20255375,7.20255375,7.20255375,7.20255375,0,0.0,0.0,0.0,363450651.0,2617772849.299991,2026-07-14
2015-05-21,sz.000813,德展健康,7.20255375,7.20255375,7.20255375,7.20255375,0,0.0,0.0,0.0,363450651.0,2617772849.299991,2026-07-14
2015-05-22,sz.000813,德展健康,7.20255375,7.20255375,7.20255375,7.20255375,0,0.0,0.0,0.0,363450651.0,2617772849.299991,2026-07-14
2015-05-25,sz.000813,德展健康,7.20255375,7.20255375,7.20255375,7.20255375,0,0.0,0.0,0.0,363450651.0,2617772849.299991,2026-07-14
2015-05-26,sz.000813,德展健康,7.20255375,7.20255375,7.20255375,7.20255375,0,0.0,0.0,0.0,363450651.0,2617772849.299991,2026-07-14
2015-05-27,sz.000813,德展健康,7.20255375,7.20255375,7.20255375,7.20255375,0,0.0,0.0,0.0,363450651.0,2617772849.299991,2026-07-14
2015-05-28,sz.000813,德展健康,7.20255375,7.20255375,7.20255375,7.20255375,0,0.0,0.0,0.0,363450651.0,2617772849.299991,2026-07-14
2015-05-29,sz.000813,德展健康,7.20255375,7.20255375,7.20255375,7.20255375,0,0.0,0.0,0.0,363450651.0,2617772849.299991,2026-07-14
2015-06-01,sz.000813,德展健康,7.20255375,7.20255375,7.20255375,7.20255375,0,0.0,0.0,0.0,363450651.0,2617772849.299991,2026-07-14
2015-06-02,sz.000813,德展健康,7.20255375,7.20255375,7.20255375,7.20255375,0,0.0,0.0,0.0,363450651.0,2617772849.299991,2026-07-14
2015-06-03,sz.000813,德展健康,7.20255375,7.20255375,7.20255375,7.20255375,0,0.0,0.0,0.0,363450651.0,2617772849.299991,2026-07-14
2015-06-04,sz.000813,德展健康,7.20255375,7.20255375,7.20255375,7.20255375,0,0.0,0.0,0.0,363450651.0,2617772849.299991,2026-07-14
2015-06-05,sz.000813,德展健康,7.20255375,7.20255375,7.20255375,7.20255375,0,0.0,0.0,0.0,363450651.0,2617772849.299991,2026-07-14
2015-06-08,sz.000813,德展健康,7.20255375,7.20255375,7.20255375,7.20255375,0,0.0,0.0,0.0,363450651.0,2617772849.299991,2026-07-14
2015-06-09,sz.000813,德展健康,7.20255375,7.20255375,7.20255375,7.20255375,0,0.0,0.0,0.0,363450651.0,2617772849.299991,2026-07-14
2015-06-10,sz.000813,德展健康,7.20255375,7.20255375,7.20255375,7.20255375,0,0.0,0.0,0.0,363450651.0,2617772849.299991,2026-07-14
2015-06-11,sz.000813,德展健康,7.20255375,7.20255375,7.20255375,7.20255375,0,0.0,0.0,0.0,363450651.0,2617772849.299991,2026-07-14
2015-06-12,sz.000813,德展健康,7.20255375,7.20255375,7.20255375,7.20255375,0,0.0,0.0,0.0,363450651.0,2617772849.299991,2026-07-14
2015-06-15,sz.000813,德展健康,7.20255375,7.20255375,7.20255375,7.20255375,0,0.0,0.0,0.0,363450651.0,2617772849.299991,2026-07-14
2015-06-16,sz.000813,德展健康,7.20255375,7.20255375,7.20255375,7.20255375,0,0.0,0.0,0.0,363450651.0,2617772849.299991,2026-07-14
2015-06-17,sz.000813,德展健康,7.20255375,7.20255375,7.20255375,7.20255375,0,0.0,0.0,0.0,363450651.0,2617772849.299991,2026-07-14
2015-06-18,sz.000813,德展健康,7.20255375,7.20255375,7.20255375,7.20255375,0,0.0,0.0,0.0,363450651.0,2617772849.299991,2026-07-14
2015-06-19,sz.000813,德展健康,7.20255375,7.20255375,7.20255375,7.20255375,0,0.0,0.0,0.0,363450651.0,2617772849.299991,2026-07-14
2015-06-23,sz.000813,德展健康,7.20255375,7.20255375,7.20255375,7.20255375,0,0.0,0.0,0.0,363450651.0,2617772849.299991,2026-07-14
2015-06-24,sz.000813,德展健康,7.20255375,7.20255375,7.20255375,7.20255375,0,0.0,0.0,0.0,363450651.0,2617772849.299991,2026-07-14
2015-06-25,sz.000813,德展健康,7.20255375,7.20255375,7.20255375,7.20255375,0,0.0,0.0,0.0,363450651.0,2617772849.299991,2026-07-14
2015-06-26,sz.000813,德展健康,7.20255375,7.20255375,7.20255375,7.20255375,0,0.0,0.0,0.0,363450651.0,2617772849.299991,2026-07-14
2015-06-29,sz.000813,德展健康,7.20255375,7.20255375,7.20255375,7.20255375,0,0.0,0.0,0.0,363450651.0,2617772849.299991,2026-07-14
2015-06-30,sz.000813,德展健康,7.20255375,7.20255375,7.20255375,7.20255375,0,0.0,0.0,0.0,363450651.0,2617772849.299991,2026-07-14
2015-07-01,sz.000813,德展健康,7.20255375,7.20255375,7.20255375,7.20255375,0,0.0,0.0,0.0,363450651.0,2617772849.299991,2026-07-14
2015-07-02,sz.000813,德展健康,7.20255375,7.20255375,7.20255375,7.20255375,0,0.0,0.0,0.0,363450651.0,2617772849.299991,2026-07-14
2015-07-03,sz.000813,德展健康,7.20255375,7.20255375,7.20255375,7.20255375,0,0.0,0.0,0.0,363450651.0,2617772849.299991,2026-07-14
2015-07-06,sz.000813,德展健康,7.20255375,7.20255375,7.20255375,7.20255375,0,0.0,0.0,0.0,363450651.0,2617772849.299991,2026-07-14
2015-07-07,sz.000813,德展健康,7.20255375,7.20255375,7.20255375,7.20255375,0,0.0,0.0,0.0,363450651.0,2617772849.299991,2026-07-14
2015-07-08,sz.000813,德展健康,7.20255375,7.20255375,7.20255375,7.20255375,0,0.0,0.0,0.0,363450651.0,2617772849.299991,2026-07-14
2015-07-09,sz.000813,德展健康,7.20255375,7.20255375,7.20255375,7.20255375,0,0.0,0.0,0.0,363450651.0,2617772849.299991,2026-07-14
2015-07-10,sz.000813,德展健康,7.20255375,7.20255375,7.20255375,7.20255375,0,0.0,0.0,0.0,363450651.0,2617772849.299991,2026-07-14
2015-07-13,sz.000813,德展健康,7.20255375,7.20255375,7.20255375,7.20255375,0,0.0,0.0,0.0,363450651.0,2617772849.299991,2026-07-14
2015-07-14,sz.000813,德展健康,7.20255375,7.20255375,7.20255375,7.20255375,0,0.0,0.0,0.0,363450651.0,2617772849.299991,2026-07-14
2015-07-15,sz.000813,德展健康,7.20255375,7.20255375,7.20255375,7.20255375,0,0.0,0.0,0.0,363450651.0,2617772849.299991,2026-07-14
2015-07-16,sz.000813,德展健康,7.20255375,7.20255375,7.20255375,7.20255375,0,0.0,0.0,0.0,363450651.0,2617772849.299991,2026-07-14
2015-07-17,sz.000813,德展健康,7.20255375,7.20255375,7.20255375,7.20255375,0,0.0,0.0,0.0,363450651.0,2617772849.299991,2026-07-14
2015-07-20,sz.000813,德展健康,7.20255375,7.20255375,7.20255375,7.20255375,0,0.0,0.0,0.0,363450651.0,2617772849.299991,2026-07-14
2015-07-21,sz.000813,德展健康,7.20255375,7.20255375,7.20255375,7.20255375,0,0.0,0.0,0.0,363450651.0,2617772849.299991,2026-07-14
2015-07-22,sz.000813,德展健康,7.20255375,7.20255375,7.20255375,7.20255375,0,0.0,0.0,0.0,363450651.0,2617772849.299991,2026-07-14
2015-07-23,sz.000813,德展健康,7.20255375,7.20255375,7.20255375,7.20255375,0,0.0,0.0,0.0,363450651.0,2617772849.299991,2026-07-14
2015-07-24,sz.000813,德展健康,7.20255375,7.20255375,7.20255375,7.20255375,0,0.0,0.0,0.0,363450651.0,2617772849.299991,2026-07-14
2015-07-27,sz.000813,德展健康,7.20255375,7.20255375,7.20255375,7.20255375,0,0.0,0.0,0.0,363450651.0,2617772849.299991,2026-07-14
2015-07-28,sz.000813,德展健康,7.20255375,7.20255375,7.20255375,7.20255375,0,0.0,0.0,0.0,363450651.0,2617772849.299991,2026-07-14
2015-07-29,sz.000813,德展健康,7.20255375,7.20255375,7.20255375,7.20255375,0,0.0,0.0,0.0,363450651.0,2617772849.299991,2026-07-14
2015-07-30,sz.000813,德展健康,7.20255375,7.20255375,7.20255375,7.20255375,0,0.0,0.0,0.0,363450651.0,2617772849.299991,2026-07-14
2015-07-31,sz.000813,德展健康,7.20255375,7.20255375,7.20255375,7.20255375,0,0.0,0.0,0.0,363450651.0,2617772849.299991,2026-07-14
2015-08-03,sz.000813,德展健康,7.20255375,7.20255375,7.20255375,7.20255375,0,0.0,0.0,0.0,363450651.0,2617772849.299991,2026-07-14
2015-08-04,sz.000813,德展健康,7.20255375,7.20255375,7.20255375,7.20255375,0,0.0,0.0,0.0,363450651.0,2617772849.299991,2026-07-14
2015-08-05,sz.000813,德展健康,7.20255375,7.20255375,7.20255375,7.20255375,0,0.0,0.0,0.0,363450651.0,2617772849.299991,2026-07-14
2015-08-06,sz.000813,德展健康,7.20255375,7.20255375,7.20255375,7.20255375,0,0.0,0.0,0.0,363450651.0,2617772849.299991,2026-07-14
2015-08-07,sz.000813,德展健康,7.20255375,7.20255375,7.20255375,7.20255375,0,0.0,0.0,0.0,363450651.0,2617772849.299991,2026-07-14
2015-08-10,sz.000813,德展健康,7.20255375,7.20255375,7.20255375,7.20255375,0,0.0,0.0,0.0,363450651.0,2617772849.299991,2026-07-14
2015-08-11,sz.000813,德展健康,7.20255375,7.20255375,7.20255375,7.20255375,0,0.0,0.0,0.0,363450651.0,2617772849.299991,2026-07-14
2015-08-12,sz.000813,德展健康,7.20255375,7.20255375,7.20255375,7.20255375,0,0.0,0.0,0.0,363450651.0,2617772849.299991,2026-07-14
2015-08-13,sz.000813,德展健康,7.20255375,7.20255375,7.20255375,7.20255375,0,0.0,0.0,0.0,363450651.0,2617772849.299991,2026-07-14
2015-08-14,sz.000813,德展健康,7.20255375,7.20255375,7.20255375,7.20255375,0,0.0,0.0,0.0,363450651.0,2617772849.299991,2026-07-14
2015-08-17,sz.000813,德展健康,7.20255375,7.20255375,7.20255375,7.20255375,0,0.0,0.0,0.0,363450651.0,2617772849.299991,2026-07-14
2015-08-18,sz.000813,德展健康,7.20255375,7.20255375,7.20255375,7.20255375,0,0.0,0.0,0.0,363450651.0,2617772849.299991,2026-07-14
2015-08-19,sz.000813,德展健康,7.20255375,7.20255375,7.20255375,7.20255375,0,0.0,0.0,0.0,363450651.0,2617772849.299991,2026-07-14
2015-08-20,sz.000813,德展健康,7.20255375,7.20255375,7.20255375,7.20255375,0,0.0,0.0,0.0,363450651.0,2617772849.299991,2026-07-14
2015-08-21,sz.000813,德展健康,7.20255375,7.20255375,7.20255375,7.20255375,0,0.0,0.0,0.0,363450651.0,2617772849.299991,2026-07-14
2015-08-24,sz.000813,德展健康,7.20255375,7.20255375,7.20255375,7.20255375,0,0.0,0.0,0.0,363450651.0,2617772849.299991,2026-07-14
2015-08-25,sz.000813,德展健康,7.20255375,7.20255375,7.20255375,7.20255375,0,0.0,0.0,0.0,363450651.0,2617772849.299991,2026-07-14
2015-08-26,sz.000813,德展健康,7.20255375,7.20255375,7.20255375,7.20255375,0,0.0,0.0,0.0,363450651.0,2617772849.299991,2026-07-14
2015-08-27,sz.000813,德展健康,7.20255375,7.20255375,7.20255375,7.20255375,0,0.0,0.0,0.0,363450651.0,2617772849.299991,2026-07-14
2015-08-28,sz.000813,德展健康,7.20255375,7.20255375,7.20255375,7.20255375,0,0.0,0.0,0.0,363450651.0,2617772849.299991,2026-07-14
2015-08-31,sz.000813,德展健康,7.20255375,7.20255375,7.20255375,7.20255375,0,0.0,0.0,0.0,363450651.0,2617772849.299991,2026-07-14
2015-09-01,sz.000813,德展健康,7.20255375,7.20255375,7.20255375,7.20255375,0,0.0,0.0,0.0,363450651.0,2617772849.299991,2026-07-14
2015-09-02,sz.000813,德展健康,7.20255375,7.20255375,7.20255375,7.20255375,0,0.0,0.0,0.0,363450651.0,2617772849.299991,2026-07-14
2015-09-07,sz.000813,德展健康,7.20255375,7.20255375,7.20255375,7.20255375,0,0.0,0.0,0.0,363450651.0,2617772849.299991,2026-07-14
2015-09-08,sz.000813,德展健康,7.20255375,7.20255375,7.20255375,7.20255375,0,0.0,0.0,0.0,363450651.0,2617772849.299991,2026-07-14
2015-09-09,sz.000813,德展健康,7.20255375,7.20255375,7.20255375,7.20255375,0,0.0,0.0,0.0,363450651.0,2617772849.299991,2026-07-14
2015-09-10,sz.000813,德展健康,7.20255375,7.20255375,7.20255375,7.20255375,0,0.0,0.0,0.0,363450651.0,2617772849.299991,2026-07-14
2015-09-11,sz.000813,德展健康,7.20255375,7.20255375,7.20255375,7.20255375,0,0.0,0.0,0.0,363450651.0,2617772849.299991,2026-07-14
2015-09-14,sz.000813,德展健康,7.20255375,7.20255375,7.20255375,7.20255375,0,0.0,0.0,0.0,363450651.0,2617772849.299991,2026-07-14
2015-09-15,sz.000813,德展健康,7.20255375,7.20255375,7.20255375,7.20255375,0,0.0,0.0,0.0,363450651.0,2617772849.299991,2026-07-14
2015-09-16,sz.000813,德展健康,7.20255375,7.20255375,7.20255375,7.20255375,0,0.0,0.0,0.0,363450651.0,2617772849.299991,2026-07-14
2015-09-17,sz.000813,德展健康,7.20255375,7.20255375,7.20255375,7.20255375,0,0.0,0.0,0.0,363450651.0,2617772849.299991,2026-07-14
2015-09-18,sz.000813,德展健康,7.20255375,7.20255375,7.20255375,7.20255375,0,0.0,0.0,0.0,363450651.0,2617772849.299991,2026-07-14
2015-09-21,sz.000813,德展健康,7.20255375,7.20255375,7.20255375,7.20255375,0,0.0,0.0,0.0,363450651.0,2617772849.299991,2026-07-14
2015-09-22,sz.000813,德展健康,7.20255375,7.20255375,7.20255375,7.20255375,0,0.0,0.0,0.0,363450651.0,2617772849.299991,2026-07-14
2015-09-23,sz.000813,德展健康,7.20255375,7.20255375,7.20255375,7.20255375,0,0.0,0.0,0.0,363450651.0,2617772849.299991,2026-07-14
2015-09-24,sz.000813,德展健康,7.20255375,7.20255375,7.20255375,7.20255375,0,0.0,0.0,0.0,363450651.0,2617772849.299991,2026-07-14
2015-09-25,sz.000813,德展健康,7.20255375,7.20255375,7.20255375,7.20255375,0,0.0,0.0,0.0,363450651.0,2617772849.299991,2026-07-14
2015-09-28,sz.000813,德展健康,7.20255375,7.20255375,7.20255375,7.20255375,0,0.0,0.0,0.0,363450651.0,2617772849.299991,2026-07-14
2015-09-29,sz.000813,德展健康,7.20255375,7.20255375,7.20255375,7.20255375,0,0.0,0.0,0.0,363450651.0,2617772849.299991,2026-07-14
2015-09-30,sz.000813,德展健康,7.20255375,7.20255375,7.20255375,7.20255375,0,0.0,0.0,0.0,363450651.0,2617772849.299991,2026-07-14
2015-10-08,sz.000813,德展健康,7.20255375,7.20255375,7.20255375,7.20255375,0,0.0,0.0,0.0,363450651.0,2617772849.299991,2026-07-14
2015-10-09,sz.000813,德展健康,7.20255375,7.20255375,7.20255375,7.20255375,0,0.0,0.0,0.0,363450651.0,2617772849.299991,2026-07-14
2015-10-12,sz.000813,德展健康,7.20255375,7.20255375,7.20255375,7.20255375,0,0.0,0.0,0.0,363450651.0,2617772849.299991,2026-07-14
2015-10-13,sz.000813,德展健康,7.20255375,7.20255375,7.20255375,7.20255375,0,0.0,0.0,0.0,363450651.0,2617772849.299991,2026-07-14
2015-10-14,sz.000813,德展健康,7.20255375,7.20255375,7.20255375,7.20255375,0,0.0,0.0,0.0,363450651.0,2617772849.299991,2026-07-14
2015-10-15,sz.000813,德展健康,7.20255375,7.20255375,7.20255375,7.20255375,0,0.0,0.0,0.0,363450651.0,2617772849.299991,2026-07-14
2015-10-16,sz.000813,德展健康,7.20255375,7.20255375,7.20255375,7.20255375,0,0.0,0.0,0.0,363450651.0,2617772849.299991,2026-07-14
2015-10-19,sz.000813,德展健康,7.20255375,7.20255375,7.20255375,7.20255375,0,0.0,0.0,0.0,363450651.0,2617772849.299991,2026-07-14
2015-10-20,sz.000813,德展健康,7.20255375,7.20255375,7.20255375,7.20255375,0,0.0,0.0,0.0,363450651.0,2617772849.299991,2026-07-14
2015-10-21,sz.000813,德展健康,7.20255375,7.20255375,7.20255375,7.20255375,0,0.0,0.0,0.0,363450651.0,2617772849.299991,2026-07-14
2015-10-22,sz.000813,德展健康,7.20255375,7.20255375,7.20255375,7.20255375,0,0.0,0.0,0.0,363450651.0,2617772849.299991,2026-07-14
2015-10-23,sz.000813,德展健康,7.20255375,7.20255375,7.20255375,7.20255375,0,0.0,0.0,0.0,363450651.0,2617772849.299991,2026-07-14
2015-10-26,sz.000813,德展健康,7.20255375,7.20255375,7.20255375,7.20255375,0,0.0,0.0,0.0,363450651.0,2617772849.299991,2026-07-14
2015-10-27,sz.000813,德展健康,7.20255375,7.20255375,7.20255375,7.20255375,0,0.0,0.0,0.0,363450651.0,2617772849.299991,2026-07-14
2015-10-28,sz.000813,德展健康,7.20255375,7.20255375,7.20255375,7.20255375,0,0.0,0.0,0.0,363450651.0,2617772849.299991,2026-07-14
2015-10-29,sz.000813,德展健康,7.20255375,7.20255375,7.20255375,7.20255375,0,0.0,0.0,0.0,363450651.0,2617772849.299991,2026-07-14
2015-10-30,sz.000813,德展健康,7.20255375,7.20255375,7.20255375,7.20255375,0,0.0,0.0,0.0,363450651.0,2617772849.299991,2026-07-14
2015-11-02,sz.000813,德展健康,7.20255375,7.20255375,7.20255375,7.20255375,0,0.0,0.0,0.0,363450651.0,2617772849.299991,2026-07-14
2015-11-03,sz.000813,德展健康,7.20255375,7.20255375,7.20255375,7.20255375,0,0.0,0.0,0.0,363450651.0,2617772849.299991,2026-07-14
2015-11-04,sz.000813,德展健康,7.20255375,7.20255375,7.20255375,7.20255375,0,0.0,0.0,0.0,363450651.0,2617772849.299991,2026-07-14
2015-11-05,sz.000813,德展健康,7.20255375,7.20255375,7.20255375,7.20255375,0,0.0,0.0,0.0,363450651.0,2617772849.299991,2026-07-14
2015-11-06,sz.000813,德展健康,7.20255375,7.20255375,7.20255375,7.20255375,0,0.0,0.0,0.0,363450651.0,2617772849.299991,2026-07-14
2015-11-09,sz.000813,德展健康,7.20255375,7.20255375,7.20255375,7.20255375,0,0.0,0.0,0.0,363450651.0,2617772849.299991,2026-07-14
2015-11-10,sz.000813,德展健康,7.20255375,7.20255375,7.20255375,7.20255375,0,0.0,0.0,0.0,363450651.0,2617772849.299991,2026-07-14
2015-11-11,sz.000813,德展健康,7.20255375,7.20255375,7.20255375,7.20255375,0,0.0,0.0,0.0,363450651.0,2617772849.299991,2026-07-14
2015-11-12,sz.000813,德展健康,7.20255375,7.20255375,7.20255375,7.20255375,0,0.0,0.0,0.0,363450651.0,2617772849.299991,2026-07-14
2015-11-13,sz.000813,德展健康,7.20255375,7.20255375,7.20255375,7.20255375,0,0.0,0.0,0.0,363450651.0,2617772849.299991,2026-07-14
2015-11-16,sz.000813,德展健康,7.20255375,7.20255375,7.20255375,7.20255375,0,0.0,0.0,0.0,363450651.0,2617772849.299991,2026-07-14
2015-11-17,sz.000813,德展健康,7.20255375,7.20255375,7.20255375,7.20255375,0,0.0,0.0,0.0,363450651.0,2617772849.299991,2026-07-14
2015-11-18,sz.000813,德展健康,7.20255375,7.20255375,7.20255375,7.20255375,0,0.0,0.0,0.0,363450651.0,2617772849.299991,2026-07-14
2015-11-19,sz.000813,德展健康,7.20255375,7.20255375,7.20255375,7.20255375,0,0.0,0.0,0.0,363450651.0,2617772849.299991,2026-07-14
2015-11-20,sz.000813,德展健康,7.20255375,7.20255375,7.20255375,7.20255375,0,0.0,0.0,0.0,363450651.0,2617772849.299991,2026-07-14
2015-11-23,sz.000813,德展健康,7.20255375,7.20255375,7.20255375,7.20255375,0,0.0,0.0,0.0,363450651.0,2617772849.299991,2026-07-14
2015-11-24,sz.000813,德展健康,7.20255375,7.20255375,7.20255375,7.20255375,0,0.0,0.0,0.0,363450651.0,2617772849.299991,2026-07-14
2015-11-25,sz.000813,德展健康,7.20255375,7.20255375,7.20255375,7.20255375,0,0.0,0.0,0.0,363450651.0,2617772849.299991,2026-07-14
2015-11-26,sz.000813,德展健康,7.20255375,7.20255375,7.20255375,7.20255375,0,0.0,0.0,0.0,363450651.0,2617772849.299991,2026-07-14
2015-11-27,sz.000813,德展健康,7.20255375,7.20255375,7.20255375,7.20255375,0,0.0,0.0,0.0,363450651.0,2617772849.299991,2026-07-14
2015-11-30,sz.000813,德展健康,7.20255375,7.20255375,7.20255375,7.20255375,0,0.0,0.0,0.0,363450651.0,2617772849.299991,2026-07-14
2015-12-01,sz.000813,德展健康,7.20255375,7.20255375,7.20255375,7.20255375,0,0.0,0.0,0.0,363450651.0,2617772849.299991,2026-07-14
2015-12-02,sz.000813,德展健康,7.20255375,7.20255375,7.20255375,7.20255375,0,0.0,0.0,0.0,363450651.0,2617772849.299991,2026-07-14
2015-12-03,sz.000813,德展健康,7.20255375,7.20255375,7.20255375,7.20255375,0,0.0,0.0,0.0,363450651.0,2617772849.299991,2026-07-14
2015-12-04,sz.000813,德展健康,7.20255375,7.20255375,7.20255375,7.20255375,0,0.0,0.0,0.0,363450651.0,2617772849.299991,2026-07-14
2015-12-07,sz.000813,德展健康,7.20255375,7.20255375,7.20255375,7.20255375,0,0.0,0.0,0.0,363450651.0,2617772849.299991,2026-07-14
2015-12-08,sz.000813,德展健康,7.20255375,7.20255375,7.20255375,7.20255375,0,0.0,0.0,0.0,363450651.0,2617772849.299991,2026-07-14
2015-12-09,sz.000813,德展健康,7.20255375,7.20255375,7.20255375,7.20255375,0,0.0,0.0,0.0,363450651.0,2617772849.299991,2026-07-14
2015-12-10,sz.000813,德展健康,7.20255375,7.20255375,7.20255375,7.20255375,0,0.0,0.0,0.0,363450651.0,2617772849.299991,2026-07-14
2015-12-11,sz.000813,德展健康,7.20255375,7.20255375,7.20255375,7.20255375,0,0.0,0.0,0.0,363450651.0,2617772849.299991,2026-07-14
2015-12-14,sz.000813,德展健康,7.20255375,7.20255375,7.20255375,7.20255375,0,0.0,0.0,0.0,363450651.0,2617772849.299991,2026-07-14
2015-12-15,sz.000813,德展健康,7.20255375,7.20255375,7.20255375,7.20255375,0,0.0,0.0,0.0,363450651.0,2617772849.299991,2026-07-14
2015-12-16,sz.000813,德展健康,7.20255375,7.20255375,7.20255375,7.20255375,0,0.0,0.0,0.0,363450651.0,2617772849.299991,2026-07-14
2015-12-17,sz.000813,德展健康,7.20255375,7.20255375,7.20255375,7.20255375,0,0.0,0.0,0.0,363450651.0,2617772849.299991,2026-07-14
2015-12-18,sz.000813,德展健康,7.20255375,7.20255375,7.20255375,7.20255375,0,0.0,0.0,0.0,363450651.0,2617772849.299991,2026-07-14
2015-12-21,sz.000813,德展健康,7.20255375,7.20255375,7.20255375,7.20255375,0,0.0,0.0,0.0,363450651.0,2617772849.299991,2026-07-14
2015-12-22,sz.000813,德展健康,7.20255375,7.20255375,7.20255375,7.20255375,0,0.0,0.0,0.0,363450651.0,2617772849.299991,2026-07-14
2015-12-23,sz.000813,德展健康,7.20255375,7.20255375,7.20255375,7.20255375,0,0.0,0.0,0.0,363450651.0,2617772849.299991,2026-07-14
2015-12-24,sz.000813,德展健康,7.20255375,7.20255375,7.20255375,7.20255375,0,0.0,0.0,0.0,363450651.0,2617772849.299991,2026-07-14
2015-12-25,sz.000813,德展健康,7.20255375,7.20255375,7.20255375,7.20255375,0,0.0,0.0,0.0,363450651.0,2617772849.299991,2026-07-14
2015-12-28,sz.000813,德展健康,7.20255375,7.20255375,7.20255375,7.20255375,0,0.0,0.0,0.0,363450651.0,2617772849.299991,2026-07-14
2015-12-29,sz.000813,德展健康,7.20255375,7.20255375,7.20255375,7.20255375,0,0.0,0.0,0.0,363450651.0,2617772849.299991,2026-07-14
2015-12-30,sz.000813,德展健康,7.20255375,7.20255375,7.20255375,7.20255375,0,0.0,0.0,0.0,363450651.0,2617772849.299991,2026-07-14
2015-12-31,sz.000813,德展健康,7.20255375,7.20255375,7.20255375,7.20255375,0,0.0,0.0,0.0,363450651.0,2617772849.299991,2026-07-14
2016-01-04,sz.000813,德展健康,7.20255375,7.20255375,7.20255375,7.20255375,0,0.0,0.0,0.0,363450651.0,2617772849.299991,2026-07-14
2016-01-05,sz.000813,德展健康,7.20255375,7.20255375,7.20255375,7.20255375,0,0.0,0.0,0.0,363450651.0,2617772849.299991,2026-07-14
2016-01-06,sz.000813,德展健康,7.20255375,7.20255375,7.20255375,7.20255375,0,0.0,0.0,0.0,363450651.0,2617772849.299991,2026-07-14
2016-01-07,sz.000813,德展健康,7.20255375,7.20255375,7.20255375,7.20255375,0,0.0,0.0,0.0,363450651.0,2617772849.299991,2026-07-14
2016-01-08,sz.000813,德展健康,7.20255375,7.20255375,7.20255375,7.20255375,0,0.0,0.0,0.0,363450651.0,2617772849.299991,2026-07-14
2016-01-11,sz.000813,德展健康,7.20255375,7.20255375,7.20255375,7.20255375,0,0.0,0.0,0.0,363450651.0,2617772849.299991,2026-07-14
2016-01-12,sz.000813,德展健康,7.20255375,7.20255375,7.20255375,7.20255375,0,0.0,0.0,0.0,363450651.0,2617772849.299991,2026-07-14
2016-01-13,sz.000813,德展健康,7.20255375,7.20255375,7.20255375,7.20255375,0,0.0,0.0,0.0,363450651.0,2617772849.299991,2026-07-14
2016-01-14,sz.000813,德展健康,7.20255375,7.20255375,7.20255375,7.20255375,0,0.0,0.0,0.0,363450651.0,2617772849.299991,2026-07-14
2016-01-15,sz.000813,德展健康,7.92601026,7.92601026,7.92601026,7.69552854,39137315,484196688.0,10.768258,10.0444,363450755.0,2880714413.134746,2026-07-14
2016-01-18,sz.000813,德展健康,7.80436713,8.41258278,8.71989174,7.5546786,50696517,644713184.0,13.948662,6.1389,363450752.0,3057559537.65325,2026-07-14
2016-01-19,sz.000813,德展健康,8.15008971,8.1949056,8.29093965,7.60589676,44281412,551325440.0,12.183607,-2.5875,363450758.0,2978444652.058445,2026-07-14
2016-01-20,sz.000813,德展健康,8.00923977,7.90680345,8.50221456,7.81717167,32070731,407305104.0,8.823955,-3.5156,363450754.0,2873733675.6323013,2026-07-14
2016-01-21,sz.000813,德展健康,7.70833308,7.7467467,8.16929652,7.66991946,24435046,302965008.0,6.723069,-2.0243,363450769.0,2815561045.363212,2026-07-14
2016-01-22,sz.000813,德展健康,7.9388148,6.97207203,7.97722842,6.97207203,32252944,363150864.0,8.874089,-10.0,363450761.0,2534004885.050315,2026-07-14
2016-01-25,sz.000813,德展健康,7.042497,7.1705424,7.18974921,6.77360166,17351097,190358306.0,4.773988,2.8466,363450788.0,2606139285.6674113,2026-07-14
2016-01-26,sz.000813,德展健康,7.01048565,6.45348816,7.13212878,6.45348816,16057034,168608501.0,4.417939,-10.0,363450786.0,2345525344.1936936,2026-07-14
2016-01-27,sz.000813,德展健康,6.3382473,6.15898374,6.44068362,5.85807705,18928281,181758793.0,5.207936,-4.5635,363450722.0,2238487087.08926,2026-07-14
2016-01-28,sz.000813,德展健康,6.01173153,5.90929521,6.31263822,5.90289294,11238710,107120875.0,3.092224,-4.0541,363450707.0,2147737521.9462132,2026-07-14
2016-01-29,sz.000813,德展健康,5.79405435,6.1461792,6.32544276,5.79405435,13900573,132051657.0,3.82461,4.0087,363450731.0,2233833323.096995,2026-07-14
2016-02-01,sz.000813,德展健康,6.0821565,6.05654742,6.29983368,5.9541111,8634066,82585265.0,2.375581,-1.4583,363450710.0,2201256459.947668,2026-07-14
2016-02-02,sz.000813,德展健康,6.0821565,6.24221325,6.3382473,6.05654742,8485231,82711862.0,2.33463,3.0655,363450782.0,2268737287.1232615,2026-07-14
2016-02-03,sz.000813,德展健康,6.13337466,6.15258147,6.2102019,6.08855877,6108569,58714436.0,1.680714,-1.4359,363450831.0,2236160848.066702,2026-07-14
2016-02-04,sz.000813,德展健康,6.17819055,6.3382473,6.45348816,6.15898374,11809974,116547059.0,3.249401,3.0177,363450802.0,2303641064.4593344,2026-07-14
2016-02-05,sz.000813,德展健康,6.28702914,6.28702914,6.42147681,6.2742246,6870567,68099078.0,1.890371,-0.8081,363450719.0,2285025261.3069515,2026-07-14
2016-02-15,sz.000813,德展健康,6.03734061,6.45348816,6.50470632,6.00532926,8693291,85412877.0,2.391876,2.6477,363450739.0,2345525040.8797503,2026-07-14
2016-02-16,sz.000813,德展健康,6.54311994,6.69037215,6.82481982,6.4662927,10280688,106753240.0,2.828633,3.6706,363450755.0,2431620809.1484733,2026-07-14
2016-02-17,sz.000813,德展健康,6.69037215,6.95286522,7.07450835,6.60714264,13423845,143401546.0,3.693443,3.9234,363450715.0,2527023835.5076323,2026-07-14
2016-02-18,sz.000813,德展健康,6.95926749,6.9784743,7.03609473,6.85683117,7986888,86732009.0,2.197516,0.3683,363450733.0,2536331599.556662,2026-07-14
2016-02-19,sz.000813,德展健康,6.87603798,6.92085387,6.99768111,6.82481982,6614306,71164142.0,1.819863,-0.8257,363450765.0,2515389633.5047107,2026-07-14
2016-02-22,sz.000813,德展健康,7.042497,6.97207203,7.042497,6.88884252,10491855,113729974.0,2.886734,0.7401,363450702.0,2534004473.698065,2026-07-14
2016-02-23,sz.000813,德展健康,6.9784743,6.77360166,6.9784743,6.6583608,9912701,105033507.0,2.727385,-2.8467,363450741.0,2461870542.5658298,2026-07-14
2016-02-24,sz.000813,德展健康,6.74159031,6.70957896,6.83122209,6.54952221,10005798,104709933.0,2.753,-0.9452,363450708.0,2438601223.3939037,2026-07-14
2016-02-25,sz.000813,德展健康,6.86963571,6.3382473,7.00408338,6.13977693,16376627,172228515.0,4.505872,-5.5344,363450782.0,2303640937.6943884,2026-07-14
2016-02-26,sz.000813,德展健康,6.40227,6.97207203,6.97207203,6.28062687,19835746,211461012.0,5.457616,10.0,363450745.0,2534004773.4971623,2026-07-14
2016-02-29,sz.000813,德展健康,7.00408338,7.26657645,7.53547179,6.90164706,29752815,334184848.0,8.186203,4.2241,363450735.0,2641042551.6861906,2026-07-14
2016-03-01,sz.000813,德展健康,7.03609473,7.20255375,7.2345651,6.74159031,20894417,228174499.0,5.748899,-0.8811,363450758.0,2617773619.9732423,2026-07-14
2016-03-02,sz.000813,德展健康,7.07450835,7.41382866,7.57388541,6.98487657,23187799,263678422.0,6.379901,2.9333,363450765.0,2694561698.055925,2026-07-14
2016-03-03,sz.000813,德展健康,7.3626105,7.2345651,7.66991946,7.20895602,20390197,235196074.0,5.610168,-2.418,363450738.0,2629408024.704044,2026-07-14
2016-03-04,sz.000813,德展健康,7.042497,6.8504289,7.2345651,6.7864062,14858060,162828848.0,4.088053,-5.3097,363450767.0,2489793637.9839664,2026-07-14
2016-03-07,sz.000813,德展健康,6.86323344,7.20255375,7.27938099,6.86323344,9990230,110503970.0,2.748716,5.1402,363450789.0,2617773843.2524085,2026-07-14
2016-03-08,sz.000813,德展健康,7.27297872,7.15773786,7.27297872,6.90804933,9293443,102573494.0,2.557002,-0.6222,363450752.0,2601485207.8358707,2026-07-14
2016-03-09,sz.000813,德展健康,6.94646295,6.8504289,7.08731289,6.83762436,6606667,71676646.0,1.817761,-4.2934,363450806.0,2489793905.1506934,2026-07-14
2016-03-10,sz.000813,德展健康,6.88244025,6.4662927,6.94006068,6.45348816,7287958,76337780.0,2.005212,-5.6075,363450747.0,2350178912.135647,2026-07-14
2016-03-11,sz.000813,德展健康,6.49830405,6.52391313,6.69037215,6.40227,6436426,65795860.0,1.770921,0.8911,363450769.0,2371121243.987697,2026-07-14
2016-03-14,sz.000813,德展健康,6.64555626,6.7223835,6.86963571,6.55592448,8055802,84550715.0,2.216477,3.0422,363450737.0,2443255237.4716396,2026-07-14
2016-03-15,sz.000813,德展健康,6.70957896,6.58793583,6.74159031,6.51110859,5887446,60756263.0,1.619874,-2.0,363450861.0,2394390949.62625,2026-07-14
2016-03-16,sz.000813,德展健康,6.64555626,6.54311994,6.72878577,6.47269497,5105793,52568018.0,1.40481,-0.6803,363450787.0,2378102091.6283927,2026-07-14
2016-03-17,sz.000813,德展健康,6.54311994,6.73518804,6.74159031,6.54311994,7517453,78207025.0,2.068355,2.9354,363450810.0,2447909548.640312,2026-07-14
2016-03-18,sz.000813,德展健康,6.79280847,6.9784743,7.00408338,6.62634945,9311007,100448128.0,2.561835,3.6122,363450691.0,2536331306.4607415,2026-07-14
2016-03-21,sz.000813,德展健康,7.16414013,7.20895602,7.3626105,7.06810608,12417289,140269420.0,3.416498,3.3028,363450791.0,2620100767.7532115,2026-07-14
2016-03-22,sz.000813,德展健康,7.22176056,7.22176056,7.34980596,7.11932424,9368820,106105692.0,2.577741,0.1776,363450789.0,2624754573.501082,2026-07-14
2016-03-23,sz.000813,德展健康,7.24736964,7.33700142,7.34980596,7.20255375,7401235,84218192.0,2.036379,1.5957,363450762.0,2666638756.894082,2026-07-14
2016-03-24,sz.000813,德展健康,7.22176056,7.14493332,7.66351719,7.13853105,11200120,129292163.0,3.081606,-2.6178,363450746.0,2596831345.2742567,2026-07-14
2016-03-25,sz.000813,德展健康,7.10011743,7.25377191,7.26657645,7.09371516,6211763,69682032.0,1.709107,1.5233,363450796.0,2636389174.6919403,2026-07-14
2016-03-28,sz.000813,德展健康,7.27297872,7.13212878,7.41382866,7.09371516,6371457,72270516.0,1.753045,-1.677,363450853.0,2592178288.7968493,2026-07-14
2016-03-29,sz.000813,德展健康,7.1065197,6.95926749,7.18974921,6.86963571,5650582,62064918.0,1.554704,-2.4237,363450663.0,2529350383.234846,2026-07-14
2016-03-30,sz.000813,德展健康,7.00408338,7.29218553,7.2985878,7.00408338,6341146,71371311.0,1.744706,4.7838,363450690.0,2650349862.486516,2026-07-14
2016-03-31,sz.000813,德展健康,7.30499007,7.29218553,7.40742639,7.24096737,6191634,70650190.0,1.703569,0.0,363450732.0,2650350168.758308,2026-07-14
2016-04-01,sz.000813,德展健康,7.28578326,7.66351719,7.66351719,7.22176056,14468026,169507499.0,3.980739,5.0922,363450756.0,2785311116.324496,2026-07-14
2016-04-05,sz.000813,德展健康,7.8107694,7.76595351,7.91320572,7.682724,13413501,163025542.0,3.690597,1.3367,363450710.0,2822541317.0364923,2026-07-14
2016-04-06,sz.000813,德展健康,7.76595351,7.682724,7.76595351,7.54827633,8323388,99526132.0,2.290101,-1.0717,363450695.0,2792291377.29318,2026-07-14
2016-04-07,sz.000813,德展健康,7.6187013,7.682724,7.86838983,7.45864455,9810199,117360171.0,2.699182,0.0,363450816.0,2792292306.9027843,2026-07-14
2016-04-08,sz.000813,德展健康,7.58028768,7.8747921,7.90680345,7.53547179,10714204,129637347.0,2.947911,2.5,363450728.0,2862098921.5936484,2026-07-14
2016-04-11,sz.000813,德展健康,7.95161934,7.86838983,8.00923977,7.78516032,9271828,114055160.0,2.551055,-0.0813,363450729.0,2859772019.769686,2026-07-14
2016-04-12,sz.000813,德展健康,7.8107694,7.79156259,8.0668602,7.74034443,9227220,113663244.0,2.538781,-0.9764,363450806.0,2831849703.3349476,2026-07-14
2016-04-13,sz.000813,德展健康,7.8747921,7.96442388,7.97082615,7.79796486,9273103,114109616.0,2.551406,2.2186,363450701.0,2894675442.24714,2026-07-14
2016-04-14,sz.000813,德展健康,7.9388148,7.8747921,7.97722842,7.81717167,5911834,72740391.0,1.626585,-1.1254,363450665.0,2862098425.481746,2026-07-14
2016-04-15,sz.000813,德展健康,7.8747921,7.74034443,7.95161934,7.65071265,7114249,86439448.0,1.957418,-1.7073,363450678.0,2813233431.0370235,2026-07-14
2016-04-18,sz.000813,德展健康,7.65071265,7.75314897,7.84918302,7.59309222,5950631,72123770.0,1.637259,0.1654,363450804.0,2817888226.678272,2026-07-14
2016-04-19,sz.000813,德展健康,7.80436713,7.74034443,7.8107694,7.66351719,3971756,47877373.0,1.092791,-0.1651,363450651.0,2813233222.0477242,2026-07-14
2016-04-20,sz.000813,德展健康,7.79156259,7.1065197,7.79156259,6.96566976,10199368,116600924.0,2.806259,-8.1886,363450701.0,2582869566.6353097,2026-07-14
2016-04-21,sz.000813,德展健康,7.11932424,7.06170381,7.20255375,7.042497,4779498,53140325.0,1.315033,-0.6306,363450803.0,2566581920.2926593,2026-07-14
2016-04-22,sz.000813,德展健康,7.06170381,7.14493332,7.14493332,6.88244025,3883114,42700190.0,1.068402,1.1786,363450649.0,2596830652.2157245,2026-07-14
2016-04-25,sz.000813,德展健康,7.13853105,7.06810608,7.1705424,6.95926749,2747781,30262458.0,0.756026,-1.0753,363450596.0,2568907367.3672237,2026-07-14
2016-04-26,sz.000813,德展健康,7.042497,7.24736964,7.29218553,6.98487657,3895817,43455443.0,1.071897,2.5362,363450686.0,2634061467.353573,2026-07-14
2016-04-27,sz.000813,德展健康,7.2345651,7.20895602,7.2985878,7.1705424,3282530,37106881.0,0.903157,-0.53,363450651.0,2620099758.4993687,2026-07-14
2016-04-28,sz.000813,德展健康,7.24096737,7.14493332,7.27297872,6.94646295,3504415,39008162.0,0.964206,-0.8881,363450860.0,2596832159.796655,2026-07-14
2016-04-29,sz.000813,德展健康,7.08091062,7.1065197,7.16414013,7.02329019,2186440,24268995.0,0.601578,-0.5376,363450791.0,2582870206.2220826,2026-07-14
2016-05-03,sz.000813,德展健康,7.1065197,7.34340369,7.36901277,7.06170381,4564747,51830399.0,1.255947,3.3333,363450607.0,2668964528.5765395,2026-07-14
2016-05-04,sz.000813,德展健康,7.2985878,7.31779461,7.40102412,7.24736964,3262700,37353970.0,0.897701,-0.3487,363450637.0,2659657112.4396667,2026-07-14
2016-05-05,sz.000813,德展健康,7.31139234,7.27938099,7.34340369,7.24096737,2806083,31901020.0,0.772067,-0.5249,363450711.0,2645696196.455384,2026-07-14
2016-05-06,sz.000813,德展健康,7.29218553,6.9784743,7.31779461,6.90164706,5598545,61793130.0,1.540386,-4.1337,363450784.0,2536331955.4588513,2026-07-14
2016-05-09,sz.000813,德展健康,6.95926749,6.5943381,6.95926749,6.52391313,4179925,43803484.0,1.150066,-5.5046,363450880.0,2396717985.4625278,2026-07-14
2016-05-10,sz.000813,德展健康,6.62634945,6.58153356,6.64555626,6.47269497,1913956,19664401.0,0.526607,-0.1942,363450543.0,2392061946.1547227,2026-07-14
2016-05-11,sz.000813,德展健康,6.5943381,6.57513129,6.68396988,6.50470632,2336445,24129707.0,0.642851,-0.0973,363450473.0,2389734577.3876,2026-07-14
2016-05-12,sz.000813,德展健康,6.50470632,6.45348816,6.51751086,6.26782233,2792969,27989502.0,0.768459,-1.8501,363450620.0,2345524272.914659,2026-07-14
2016-05-13,sz.000813,德展健康,6.44708589,6.63275172,6.6583608,6.34464957,3421078,35054870.0,0.941277,2.7778,363450716.0,2410678361.6842313,2026-07-14
2016-05-16,sz.000813,德展健康,6.5943381,6.63275172,6.64555626,6.44068362,2526813,25938439.0,0.695228,0.0,363450983.0,2410680132.6289406,2026-07-14
2016-05-17,sz.000813,德展健康,6.69037215,6.69037215,6.83122209,6.61354491,3274969,34467250.0,0.901076,0.8687,363450919.0,2431621906.369506,2026-07-14
2016-05-18,sz.000813,德展健康,6.56232675,6.49190178,6.63275172,6.42787908,2579176,26219975.0,0.709636,-2.9665,363450558.0,2359485324.422193,2026-07-14
2016-05-19,sz.000813,德展健康,6.47269497,6.49830405,6.56872902,6.47269497,1834181,18672826.0,0.504657,0.0986,363451017.0,2361815215.747719,2026-07-14
2016-05-20,sz.000813,德展健康,6.40227,6.47909724,6.49190178,6.40227,2022521,20371939.0,0.556477,-0.2956,363450960.0,2354834111.8113503,2026-07-14
2016-05-23,sz.000813,德展健康,6.47909724,6.58153356,6.61994718,6.47909724,1834711,18808704.0,0.504803,1.581,363450891.0,2392064236.528402,2026-07-14
2016-05-24,sz.000813,德展健康,6.5303154,6.63915399,6.63915399,6.49830405,2024738,20798965.0,0.557087,0.8755,363450951.0,2413006831.500944,2026-07-14
2016-05-25,sz.000813,德展健康,6.63275172,6.65195853,6.74799258,6.61994718,2544821,26615058.0,0.700183,0.1929,363450841.0,2417659922.025624,2026-07-14
2016-05-26,sz.000813,德展健康,6.63275172,6.71598123,6.71598123,6.47269497,2350008,24191019.0,0.646582,0.9625,363450885.0,2440929321.686888,2026-07-14
2016-05-27,sz.000813,德展健康,6.71598123,6.82481982,6.90164706,6.6583608,3127555,33314600.0,0.860517,1.6206,363450693.0,2480485493.1791353,2026-07-14
2016-05-30,sz.000813,德展健康,6.81841755,6.9784743,7.04889927,6.72878577,4351892,47383084.0,1.197381,2.2514,363450898.0,2536332751.0049214,2026-07-14
2016-05-31,sz.000813,德展健康,6.94646295,7.15773786,7.16414013,6.92085387,5433213,59913297.0,1.494897,2.5688,363450659.0,2601484542.1662498,2026-07-14
2016-06-01,sz.000813,德展健康,7.14493332,7.13212878,7.20895602,7.05530154,4302317,47875794.0,1.183741,-0.3578,363450873.0,2592178431.439425,2026-07-14
2016-06-02,sz.000813,德展健康,7.09371516,7.14493332,7.20255375,7.05530154,3012054,33512675.0,0.828738,0.1795,363450692.0,2596830959.4478574,2026-07-14
2016-06-03,sz.000813,德展健康,7.14493332,7.15773786,7.20255375,7.11932424,3050638,34127299.0,0.839354,0.1792,363450701.0,2601484842.7912397,2026-07-14
2016-06-06,sz.000813,德展健康,7.14493332,7.34340369,7.38181731,7.13853105,4013732,45726470.0,1.10434,2.5939,363450749.0,2668965571.339864,2026-07-14
2016-06-07,sz.000813,德展健康,7.38821958,7.27297872,7.39462185,7.2345651,2247920,25634024.0,0.618494,-0.959,363450575.0,2643368297.746764,2026-07-14
2016-06-08,sz.000813,德展健康,7.2985878,7.14493332,7.2985878,6.95286522,4790486,52975158.0,1.318056,-1.7606,363450870.0,2596832231.2459884,2026-07-14
2016-06-13,sz.000813,德展健康,7.08731289,7.06170381,7.22176056,6.9784743,4846593,53352817.0,1.333494,-1.1649,363450679.0,2566581044.641387,2026-07-14
2016-06-14,sz.000813,德展健康,7.3626105,7.37541504,7.76595351,7.25377191,10484015,122259263.0,2.884577,4.4424,363450690.0,2680599685.3243775,2026-07-14
2016-06-15,sz.000813,德展健康,7.27297872,7.58668995,7.58668995,7.2345651,9319035,108132334.0,2.564043,2.8646,363450808.0,2757388592.3729796,2026-07-14
2016-06-16,sz.000813,德展健康,7.47785136,7.41382866,7.53547179,7.33700142,6416012,74434384.0,1.765304,-2.2785,363450828.0,2694562165.1271305,2026-07-14
2016-06-17,sz.000813,德展健康,7.42023093,7.44584001,7.52906952,7.2985878,4008635,46468368.0,1.102938,0.4318,363450620.0,2706195168.0553064,2026-07-14
2016-06-20,sz.000813,德展健康,7.40102412,7.35620823,7.41382866,7.22176056,3885917,44475300.0,1.069173,-1.2038,363450723.0,2673619199.7320504,2026-07-14
2016-06-21,sz.000813,德展健康,7.3626105,7.2985878,7.4266332,7.24096737,3609520,41458197.0,0.993125,-0.7833,363450724.0,2652677020.0875673,2026-07-14
2016-06-22,sz.000813,德展健康,7.2985878,7.37541504,7.40102412,7.2345651,2585107,29583190.0,0.711267,1.0526,363450997.0,2680601949.576795,2026-07-14
2016-06-23,sz.000813,德展健康,7.37541504,7.50346044,7.65071265,7.33059915,4971642,58304587.0,1.3679,1.7361,363450691.0,2727137881.809164,2026-07-14
2016-06-24,sz.000813,德展健康,7.4266332,7.63150584,7.69552854,7.15133559,6391631,74319713.0,1.758596,1.7065,363450787.0,2773676803.543096,2026-07-14
2016-06-27,sz.000813,德展健康,7.53547179,7.73394216,7.80436713,7.50346044,5983300,71991655.0,1.646248,1.3423,363450707.0,2810906745.949107,2026-07-14
2016-06-28,sz.000813,德展健康,7.682724,7.69552854,7.75314897,7.59309222,3625150,43405398.0,0.997425,-0.4967,363450886.0,2796946666.1012864,2026-07-14
2016-06-29,sz.000813,德展健康,7.70193081,7.89399891,7.92601026,7.59309222,5399260,65177745.0,1.485555,2.579,363450697.0,2869079405.9567404,2026-07-14
2016-06-30,sz.000813,德展健康,7.86198756,7.80436713,7.94521707,7.76595351,3321535,40633109.0,0.913889,-1.1354,363450594.0,2836501869.1925755,2026-07-14
2016-07-01,sz.000813,德展健康,7.8107694,7.70193081,7.85558529,7.64431038,2607031,31479792.0,0.7173,-1.3126,363450579.0,2799271212.312439,2026-07-14
2016-07-04,sz.000813,德展健康,7.682724,7.79156259,7.81717167,7.64431038,3658906,44408037.0,1.006713,1.1638,363450755.0,2831849305.9652553,2026-07-14
2016-07-05,sz.000813,德展健康,7.73394216,7.79156259,7.82997621,7.682724,3102120,37599852.0,0.853519,0.0,363450609.0,2831848168.397117,2026-07-14
2016-07-06,sz.000813,德展健康,7.82997621,7.85558529,7.91960799,7.78516032,4473825,54809113.0,1.23093,0.8217,363450805.0,2855118797.3966584,2026-07-14
2016-07-07,sz.000813,德展健康,7.82997621,7.70833308,7.84278075,7.66351719,4248804,51340165.0,1.169018,-1.8745,363450691.0,2801598984.384158,2026-07-14
2016-07-08,sz.000813,德展健康,7.682724,7.71473535,7.75314897,7.6187013,3446304,41343891.0,0.948218,0.0831,363450599.0,2803925184.0839744,2026-07-14
2016-07-11,sz.000813,德展健康,7.75955124,7.65071265,7.75955124,7.65071265,2869699,34557586.0,0.78957,-0.8299,363450866.0,2780658138.159655,2026-07-14
2016-07-12,sz.000813,德展健康,7.62510357,7.94521707,7.94521707,7.59949449,5859666,70659614.0,1.612231,3.8494,363450771.0,2887695269.853861,2026-07-14
2016-07-13,sz.000813,德展健康,7.94521707,7.94521707,7.94521707,7.94521707,0,0.0,0.0,0.0,363450771.0,2887695269.853861,2026-07-14
2016-07-14,sz.000813,德展健康,7.94521707,7.94521707,7.94521707,7.94521707,0,0.0,0.0,0.0,363450771.0,2887695269.853861,2026-07-14
2016-07-15,sz.000813,德展健康,7.94521707,7.94521707,7.94521707,7.94521707,0,0.0,0.0,0.0,363450771.0,2887695269.853861,2026-07-14
2016-07-18,sz.000813,德展健康,7.94521707,7.94521707,7.94521707,7.94521707,0,0.0,0.0,0.0,363450771.0,2887695269.853861,2026-07-14
2016-07-19,sz.000813,德展健康,7.94521707,7.94521707,7.94521707,7.94521707,0,0.0,0.0,0.0,363450771.0,2887695269.853861,2026-07-14
2016-07-20,sz.000813,德展健康,7.94521707,7.94521707,7.94521707,7.94521707,0,0.0,0.0,0.0,363450771.0,2887695269.853861,2026-07-14
2016-07-21,sz.000813,德展健康,7.94521707,7.94521707,7.94521707,7.94521707,0,0.0,0.0,0.0,363450771.0,2887695269.853861,2026-07-14
2016-07-22,sz.000813,德展健康,7.94521707,7.94521707,7.94521707,7.94521707,0,0.0,0.0,0.0,363450771.0,2887695269.853861,2026-07-14
2016-07-25,sz.000813,德展健康,8.7070872,8.73909855,8.73909855,8.3869737,9383912,126884395.0,2.581894,9.9919,363450707.0,3176231546.5401745,2026-07-14
2016-07-26,sz.000813,德展健康,8.95677573,9.61620954,9.61620954,8.84153487,10467641,152463420.0,2.880071,10.0366,363450797.0,3495019021.4320035,2026-07-14
2016-07-27,sz.000813,德展健康,10.31405697,9.9235185,10.57655004,9.64181862,30064394,474426992.0,8.271931,3.1957,363450735.0,3606710092.6110973,2026-07-14
2016-07-28,sz.000813,德展健康,9.99394347,9.52657776,10.10918433,9.20646426,16408404,247817144.0,4.514616,-4.0,363450712.0,3462441469.7953653,2026-07-14
2016-07-29,sz.000813,德展健康,9.48816414,9.00799389,9.603405,8.90555757,15564153,223523575.0,4.282328,-5.4436,363450745.0,3273962090.275948,2026-07-14
2016-08-01,sz.000813,德展健康,8.98238481,9.19365972,9.27048696,8.82232806,13127069,185150449.0,3.611788,2.0611,363450706.0,3341442115.9577622,2026-07-14
2016-08-02,sz.000813,德展健康,9.25128015,9.43694598,9.97473666,9.17445291,15529241,231644104.0,4.272722,2.6462,363450770.0,3429865282.879405,2026-07-14
2016-08-03,sz.000813,德展健康,9.1552461,9.56499138,9.58419819,9.0912234,11878447,173346615.0,3.268241,1.3569,363450768.0,3476403462.97438,2026-07-14
2016-08-04,sz.000813,德展健康,9.53298003,9.44334825,9.96193212,9.43054371,13854315,209791514.0,3.811882,-1.2718,363450784.0,3432192325.047528,2026-07-14
2016-08-05,sz.000813,德展健康,9.35371647,9.18085518,9.43054371,9.09762567,9658026,139113555.0,2.657314,-2.7797,363450687.0,3336788122.4185085,2026-07-14
2016-08-08,sz.000813,德展健康,9.14244156,9.25768242,9.35371647,9.0272007,6918346,100113910.0,1.903517,0.8368,363450707.0,3364711220.730471,2026-07-14
2016-08-09,sz.000813,德展健康,9.18725745,9.4113369,9.4753596,9.11683248,7019638,102217828.0,1.931386,1.6597,363450807.0,3420557991.2538786,2026-07-14
2016-08-10,sz.000813,德展健康,9.38572782,9.25128015,9.59060046,9.20006199,6534431,95806950.0,1.797886,-1.7007,363450797.0,3362385143.7877793,2026-07-14
2016-08-11,sz.000813,德展健康,9.17445291,9.04640751,9.3473142,9.02079843,5518494,78516021.0,1.518361,-2.2145,363450721.0,3287923331.9693146,2026-07-14
2016-08-12,sz.000813,德展健康,9.04640751,9.16805064,9.2192688,9.03360297,3515005,50022401.0,0.96712,1.3447,363450761.0,3332134981.9945374,2026-07-14
2016-08-15,sz.000813,德展健康,9.12963702,9.3473142,9.38572782,9.03360297,7823898,113059558.0,2.152671,1.9553,363450708.0,3397287963.8884535,2026-07-14
2016-08-16,sz.000813,德展健康,9.36011874,9.26408469,9.4753596,9.25128015,6267971,91525789.0,1.724572,-0.8904,363450816.0,3367039140.0736074,2026-07-14
2016-08-17,sz.000813,德展健康,9.27048696,9.4113369,9.55858911,9.23847561,6105330,89669330.0,1.679823,1.5895,363450792.0,3420557850.083825,2026-07-14
2016-08-18,sz.000813,德展健康,9.4113369,9.61620954,9.61620954,9.30249831,7441694,109679613.0,2.047511,2.1769,363450746.0,3495018531.0053167,2026-07-14
2016-08-19,sz.000813,德展健康,9.5393823,9.44975052,9.68023224,9.43054371,6131158,91327671.0,1.68693,-1.731,363450647.0,3434517940.4825864,2026-07-14
2016-08-22,sz.000813,德展健康,9.3473142,9.0912234,9.39213009,9.0272007,5827285,83739431.0,1.603322,-3.794,363450698.0,3304211490.4039335,2026-07-14
2016-08-23,sz.000813,德展健康,9.00159162,9.0912234,9.2192688,9.00159162,2441582,34736001.0,0.671778,0.0,363450723.0,3304211717.6845183,2026-07-14
2016-08-24,sz.000813,德展健康,9.0912234,9.1552461,9.20006199,9.01439616,2923105,41585392.0,0.804264,0.7042,363450932.0,3327482727.734365,2026-07-14
2016-08-25,sz.000813,德展健康,9.10402794,9.17445291,9.18085518,9.02079843,2560831,36388321.0,0.704588,0.2098,363450839.0,3334462607.5054913,2026-07-14
2016-08-26,sz.000813,德展健康,9.24487788,9.32170512,9.36011874,9.14884383,3751065,54295410.0,1.03207,1.605,363450638.0,3387979673.111867,2026-07-14
2016-08-29,sz.000813,德展健康,9.28969377,9.37292328,9.52657776,9.23847561,4162679,61148117.0,1.145321,0.5494,363450858.0,3406597008.084174,2026-07-14
2016-08-30,sz.000813,德展健康,9.34091193,9.13603929,9.49456641,9.10402794,3779807,54520888.0,1.039978,-2.5273,363450669.0,3320499591.960785,2026-07-14
2016-08-31,sz.000813,德展健康,9.11683248,9.12963702,9.21286653,9.06561432,2673414,38070229.0,0.735564,-0.0701,363450903.0,3318174818.9812293,2026-07-14
2016-09-01,sz.000813,德展健康,9.12963702,9.11043021,9.18725745,9.07201659,2382967,33961706.0,0.655651,-0.2104,363450525.0,3311190642.8003607,2026-07-14
2016-09-02,sz.000813,德展健康,9.09762567,9.37292328,9.52017549,9.07201659,4964516,72111172.0,1.365939,2.8812,363450784.0,3406596314.4878516,2026-07-14
2016-09-05,sz.000813,德展健康,9.55218684,9.52017549,9.9235185,9.46255506,11100509,168341566.0,3.054199,1.571035,363450744.0,3460114864.8510647,2026-07-14
2016-09-06,sz.000813,德展健康,9.41773917,9.58419819,9.66102543,9.35371647,6669938,99042250.0,1.83517,0.672497,363450688.0,3483383426.0838547,2026-07-14
2016-09-07,sz.000813,德展健康,9.58419819,9.57139365,9.82748445,9.5393823,5925400,89773720.0,1.630317,-0.133604,363450789.0,3478730573.9220896,2026-07-14
2016-09-08,sz.000813,德展健康,9.65462316,10.53173415,10.53173415,9.603405,21751532,346882896.0,5.984726,10.03345,363450758.0,3827766759.871986,2026-07-14
2016-09-09,sz.000813,德展健康,10.61496366,10.33966605,11.30000655,10.28844789,26756969,450563616.0,7.361924,-1.823715,363450764.0,3757959525.3773623,2026-07-14
2016-09-12,sz.000813,德展健康,10.1796093,9.74425494,10.1796093,9.70584132,15490035,240841676.0,4.261935,-5.75851,363450757.0,3541556834.3439894,2026-07-14
2016-09-13,sz.000813,德展健康,9.7954731,9.80827764,10.09637979,9.71864586,8501702,131447953.0,2.339162,0.657026,363450757.0,3564825933.1241736,2026-07-14
2016-09-14,sz.000813,德展健康,9.72504813,10.78782495,10.78782495,9.67382997,19800611,322085776.0,5.447949,9.98695,363450741.0,3920842971.8557878,2026-07-14
2016-09-19,sz.000813,德展健康,10.94147943,11.05031802,11.21037477,10.4997228,20801877,353572528.0,5.723438,2.433233,363450727.0,4016246117.9502006,2026-07-14
2016-09-20,sz.000813,德展健康,11.19116796,10.82623857,11.3320179,10.79422722,14952360,257928789.0,4.113999,-2.027812,363450745.0,3934804473.8142343,2026-07-14
2016-09-21,sz.000813,德展健康,10.9478817,10.53173415,10.99269759,10.44210237,11665579,195697505.0,3.209673,-2.720279,363450700.0,3827766149.031405,2026-07-14
2016-09-22,sz.000813,德展健康,10.63417047,10.62136593,10.67258409,10.37807967,10744652,176746987.0,2.956288,0.85106,363450787.0,3860343806.2734866,2026-07-14
2016-09-23,sz.000813,德展健康,10.6277682,11.53689054,11.65853367,10.55094096,20105344,350916800.0,5.531793,8.619652,363450765.0,4193091692.484263,2026-07-14
2016-09-26,sz.000813,德展健康,11.28720201,10.38448194,11.38963833,10.38448194,16871443,285477392.0,4.642016,-9.988907,363450772.0,3774247977.913058,2026-07-14
2016-09-27,sz.000813,德展健康,10.40368875,10.65977955,10.72380225,10.21162065,9411699,154968059.0,2.589539,2.65105,363450753.0,3874304904.261501,2026-07-14
2016-09-28,sz.000813,德展健康,10.6917909,10.41009102,11.01830667,10.25643654,10770019,178635408.0,2.963268,-2.342339,363450724.0,3783555118.1248984,2026-07-14
2016-09-29,sz.000813,德展健康,10.27564335,10.08997752,10.38448194,10.02595482,9417936,149696379.0,2.591255,-3.075031,363450760.0,3667209998.026915,2026-07-14
2016-09-30,sz.000813,德展健康,10.08357525,10.16040249,10.20521838,9.9875412,5686181,89727524.0,1.564498,0.697967,363450832.0,3692806738.445371,2026-07-14
2016-10-10,sz.000813,德展健康,10.3076547,10.34606832,10.55094096,10.243632,7075959,115050664.0,1.946882,1.827347,363450841.0,3760287231.9474573,2026-07-14
2016-10-11,sz.000813,德展健康,10.27564335,10.41009102,10.48691826,10.243632,5613287,91026111.0,1.544442,0.618814,363450813.0,3783556044.622999,2026-07-14
2016-10-12,sz.000813,德展健康,10.48051599,10.35247059,10.48051599,10.21802292,4931879,79425765.0,1.356959,-0.553507,363450849.0,3762614225.1830306,2026-07-14
2016-10-13,sz.000813,德展健康,10.42929783,10.33326378,10.42929783,10.1796093,4591312,73686413.0,1.263256,-0.185533,363450639.0,3755631323.796555,2026-07-14
2016-10-14,sz.000813,德展健康,10.27564335,11.05031802,11.30000655,10.16680476,16155054,271212544.0,4.444909,6.939287,363450725.0,4016246095.8495646,2026-07-14
2016-10-17,sz.000813,德展健康,11.47927011,10.55734323,11.47927011,10.51252734,14889743,253938485.0,4.09677,-4.461185,363450792.0,3837074758.3593383,2026-07-14
2016-10-18,sz.000813,德展健康,10.44850464,10.4997228,10.71099771,10.29485016,7565804,123311366.0,2.081659,-0.545786,363450690.0,3816131496.4687324,2026-07-14
2016-10-19,sz.000813,德展健康,10.42929783,10.42929783,10.65977955,10.3716774,6316563,103634119.0,2.189824,-0.670724,288450716.0,3008338426.4407463,2026-07-14
2016-10-20,sz.000813,德展健康,10.3716774,10.33326378,10.48691826,10.31405697,5046199,81777626.0,1.749414,-0.92082,288450818.0,2980638389.950772,2026-07-14
2016-10-21,sz.000813,德展健康,10.25003427,10.03875936,10.41009102,9.81467991,8758222,138537171.0,3.036297,-2.850056,288450767.0,2895687837.120429,2026-07-14
2016-10-24,sz.000813,德展健康,10.03875936,10.02595482,10.10278206,9.92992077,4471505,70067808.0,1.55018,-0.127554,288450696.0,2891993645.893555,2026-07-14
2016-10-25,sz.000813,德展健康,10.02595482,10.05796617,10.08357525,9.9875412,4169619,65351660.0,1.445522,0.319286,288450747.0,2901227855.037229,2026-07-14
2016-10-26,sz.000813,德展健康,10.08357525,10.1155866,10.33326378,10.07717298,5292993,84387543.0,1.834973,0.572885,288450729.0,2917848329.0326314,2026-07-14
2016-10-27,sz.000813,德展健康,10.06436844,10.1155866,10.19241384,9.99394347,3606653,56864615.0,1.250353,0.0,288450781.0,2917848855.0431347,2026-07-14
2016-10-28,sz.000813,德展健康,10.1155866,10.18601157,10.36527513,9.9875412,4897748,78148492.0,1.697949,0.6962,288450831.0,2938163501.942115,2026-07-14
2016-10-31,sz.000813,德展健康,10.12839114,9.99394347,10.15400022,9.93632304,4331143,67821127.0,1.501519,-1.885608,288450762.0,2882760609.306424,2026-07-14
2016-11-01,sz.000813,德展健康,9.99394347,10.04516163,10.15400022,9.99394347,3246869,51018682.0,1.125623,0.512491,288450840.0,2897535310.1092696,2026-07-14
2016-11-02,sz.000813,德展健康,10.04516163,9.71224359,10.04516163,9.69943905,7973115,121950379.0,2.764117,-3.31421,288450706.0,2801503520.3794746,2026-07-14
2016-11-03,sz.000813,德展健康,9.69943905,9.7954731,9.90431169,9.52657776,6733992,101919163.0,2.334538,0.856955,288450734.0,2825511405.5722556,2026-07-14
2016-11-04,sz.000813,德展健康,9.66102543,9.69943905,9.80187537,9.64181862,3273478,49674654.0,1.134855,-0.980396,288449009.0,2797793581.8284016,2026-07-14
2016-11-07,sz.000813,德展健康,9.71864586,10.25003427,10.51252734,9.71864586,10374454,166456913.0,2.643251,5.676572,392488417.0,4023019724.8280506,2026-07-14
2016-11-08,sz.000813,德展健康,10.21162065,10.13479341,10.26924108,10.02595482,5632770,89045628.0,1.435143,-1.124299,392488414.0,3977788991.708552,2026-07-14
2016-11-09,sz.000813,德展健康,10.12839114,9.88510488,10.12839114,9.7954731,5700245,88433862.0,1.452335,-2.463679,392488303.0,3879788039.3282185,2026-07-14
2016-11-10,sz.000813,德展健康,9.99394347,10.04516163,10.17320703,9.89150715,4341228,68139679.0,1.106078,1.619171,392488414.0,3942609556.5323553,2026-07-14
2016-11-11,sz.000813,德展健康,10.18601157,10.65337728,11.05031802,10.1796093,18409562,308860384.0,4.690473,6.054811,392488391.0,4181326907.343157,2026-07-14
2016-11-14,sz.000813,德展健康,10.64697501,10.80703176,11.12714526,10.4357001,12146906,205348482.0,3.094845,1.442306,392488348.0,4241634042.265932,2026-07-14
2016-11-15,sz.000813,德展健康,10.73020452,10.66618182,10.78782495,10.50612507,7156055,118330763.0,1.823253,-1.303313,392488316.0,4186351740.6816154,2026-07-14
2016-11-16,sz.000813,德展健康,10.65977955,10.54453869,10.65977955,10.53173415,3877096,64127739.0,0.987824,-1.140459,392488540.0,4138610595.4116125,2026-07-14
2016-11-17,sz.000813,德展健康,10.62136593,10.58295231,10.78142268,10.54453869,4637301,77075918.0,1.181513,0.364307,392488360.0,4153685596.110111,2026-07-14
2016-11-18,sz.000813,德展健康,10.54453869,10.3716774,10.5637455,9.75065721,5586592,90726130.0,1.423378,-1.99637,392488292.0,4070761947.9010005,2026-07-14
2016-11-21,sz.000813,德展健康,10.42289556,10.243632,10.42929783,10.1796093,4174999,66935494.0,1.063726,-1.234573,392488197.0,4020504654.411504,2026-07-14
2016-11-22,sz.000813,德展健康,10.3076547,10.28204562,10.3716774,10.19881611,4539089,72993337.0,1.15649,0.374997,392488392.0,4035583551.864443,2026-07-14
2016-11-23,sz.000813,德展健康,10.3076547,10.30125243,10.35887286,10.23082746,3758757,60412947.0,0.957673,0.186804,392488563.0,4043123763.350958,2026-07-14
2016-11-24,sz.000813,德展健康,10.30125243,10.15400022,10.34606832,10.15400022,3691712,58996837.0,0.940591,-1.429462,392488552.0,3985328843.3554816,2026-07-14
2016-11-25,sz.000813,德展健康,10.13479341,9.94912758,10.13479341,9.73785267,5512154,85244107.0,1.404412,-2.017653,392488387.0,3904917035.9314137,2026-07-14
2016-11-28,sz.000813,德展健康,9.92992077,10.09637979,10.28844789,9.92992077,4429043,70107443.0,1.128452,1.480055,392488382.0,3962711767.8346,2026-07-14
2016-11-29,sz.000813,德展健康,10.09637979,9.8594958,10.23082746,9.8594958,3953252,62112895.0,1.007228,-2.346232,392488295.0,3869736696.1016607,2026-07-14
2016-11-30,sz.000813,德展健康,9.76986402,9.92992077,9.97473666,9.76986402,2918167,45005529.0,0.743504,0.71429,392488406.0,3897378774.7235928,2026-07-14
2016-12-01,sz.000813,德展健康,10.00674801,9.91711623,10.01955255,9.83388672,3113798,48148439.0,0.793348,-0.128952,392488290.0,3892351990.8439465,2026-07-14
2016-12-02,sz.000813,德展健康,9.91711623,9.68663451,9.94272531,9.64822089,3194360,48868421.0,0.813874,-2.324078,392488272.0,3801890440.3254666,2026-07-14
2016-12-05,sz.000813,德展健康,9.603405,9.67382997,9.85309353,9.57139365,2328972,35322178.0,0.593386,-0.132191,392488532.0,3796867323.742904,2026-07-14
2016-12-06,sz.000813,德展健康,9.69943905,9.75705948,9.76986402,9.64181862,1786255,27090428.0,0.45511,0.860358,392488629.0,3829534898.376653,2026-07-14
2016-12-07,sz.000813,德展健康,9.76986402,9.84028899,9.85309353,9.71864586,1880742,28809608.0,0.479184,0.853019,392488480.0,3862200068.445835,2026-07-14
2016-12-08,sz.000813,德展健康,9.7954731,9.92992077,10.21162065,9.77626629,6052631,94960128.0,1.542117,0.910868,392488443.0,3897379142.1306615,2026-07-14
2016-12-09,sz.000813,德展健康,9.87230034,9.80827764,9.9875412,9.76986402,3387623,52305321.0,0.863114,-1.22502,392488478.0,3849635962.725032,2026-07-14
2016-12-12,sz.000813,德展健康,9.81467991,9.23847561,9.89790942,9.22567107,4949875,73872821.0,1.261152,-5.809396,392488376.0,3625994288.8845096,2026-07-14
2016-12-13,sz.000813,德展健康,9.2192688,9.25128015,9.31530285,8.963178,3474956,49634627.0,0.885365,0.138597,392488522.0,3631021272.681438,2026-07-14
2016-12-14,sz.000813,德展健康,9.18725745,9.07201659,9.23847561,9.05921205,2598317,37123238.0,0.662011,-1.937714,392488493.0,3560662119.8800993,2026-07-14
2016-12-15,sz.000813,德展健康,9.0272007,9.18085518,9.29609604,8.98238481,3078413,44038315.0,0.784332,1.199718,392488513.0,3603380197.6665473,2026-07-14
2016-12-16,sz.000813,德展健康,9.21286653,9.17445291,9.27048696,9.09762567,2516478,36064550.0,0.64116,-0.069737,392488302.0,3600865444.4248586,2026-07-14
2016-12-19,sz.000813,德展健康,9.16805064,9.20006199,9.23847561,9.12963702,1828343,26243619.0,0.465834,0.279134,392488097.0,3610914822.737133,2026-07-14
2016-12-20,sz.000813,德展健康,9.16164837,9.25128015,9.2832915,9.16164837,1878800,27078388.0,0.478689,0.556715,392488651.0,3631022466.0965776,2026-07-14
2016-12-21,sz.000813,德展健康,9.29609604,9.42414144,9.59060046,9.29609604,3191129,47225246.0,0.813051,1.868515,392488171.0,3698864037.030906,2026-07-14
2016-12-22,sz.000813,德展健康,9.42414144,9.45615279,9.5393823,9.28969377,2654414,38992905.0,0.676304,0.339675,392488289.0,3711429229.069677,2026-07-14
2016-12-23,sz.000813,德展健康,9.41773917,9.37932555,9.48176187,9.23847561,2583896,37674100.0,0.658337,-0.812463,392488346.0,3681275971.7150407,2026-07-14
2016-12-26,sz.000813,德展健康,9.37932555,9.41773917,9.46895733,9.31530285,2548054,37390864.0,0.649205,0.409559,392488351.0,3696352916.981409,2026-07-14
2016-12-27,sz.000813,德展健康,9.45615279,9.50096868,9.51377322,9.40493463,2782989,41180811.0,0.709063,0.883753,392488256.0,3729018627.523822,2026-07-14
2016-12-28,sz.000813,德展健康,9.4753596,9.37292328,9.53298003,9.36011874,1659023,24415937.0,0.422694,-1.347708,392487946.0,3678759406.182783,2026-07-14
2016-12-29,sz.000813,德展健康,9.3473142,9.25768242,9.3473142,9.2192688,2256730,32695496.0,0.57498,-1.22951,392488434.0,3633533275.4951305,2026-07-14
2016-12-30,sz.000813,德展健康,9.24487788,9.23847561,9.31530285,9.2192688,1312401,18955014.0,0.33438,-0.207467,392487888.0,3625989780.508412,2026-07-14
2017-01-03,sz.000813,德展健康,9.27048696,9.32170512,9.37292328,9.25128015,2217709,32275751.0,0.565039,0.900902,392487775.0,3658655301.754908,2026-07-14
2017-01-04,sz.000813,德展健康,9.34091193,9.40493463,9.41773917,9.28969377,2423724,35437294.0,0.617529,0.892851,392487478.0,3691319073.683563,2026-07-14
2017-01-05,sz.000813,德展健康,9.40493463,9.31530285,9.4113369,9.30890058,2179250,31791677.0,0.55524,-0.953025,392487933.0,3656143960.865509,2026-07-14
2017-01-06,sz.000813,德展健康,9.37932555,9.32170512,9.49456641,9.31530285,2841771,41700717.0,0.724041,0.06873,392487580.0,3658653484.02241,2026-07-14
2017-01-09,sz.000813,德展健康,9.39853236,10.10918433,10.22442519,9.39853236,11054353,171507850.0,2.816483,8.447799,392487830.0,3967731820.7517037,2026-07-14
2017-01-10,sz.000813,德展健康,10.1155866,9.91711623,10.1155866,9.86589807,6114755,95134524.0,1.557948,-1.899938,392487747.0,3892346605.8498335,2026-07-14
2017-01-11,sz.000813,德展健康,9.87870261,9.7954731,10.10278206,9.7314504,4626731,71681108.0,1.178822,-1.226595,392487670.0,3844602413.566677,2026-07-14
2017-01-12,sz.000813,德展健康,9.76346175,9.57139365,9.77626629,9.52657776,4413324,66175396.0,1.124449,-2.287584,392487698.0,3756654260.3403172,2026-07-14
2017-01-13,sz.000813,德展健康,9.57139365,9.33450966,9.57139365,9.2192688,2929919,42931801.0,0.746499,-2.474916,392488001.0,3663683036.7685895,2026-07-14
2017-01-16,sz.000813,德展健康,9.32170512,9.08482113,9.4753596,8.45739867,4382572,62957175.0,1.116614,-2.674899,392487646.0,3565680059.64476,2026-07-14
2017-01-17,sz.000813,德展健康,9.07201659,9.43054371,9.50737095,8.84153487,4128114,59305198.0,1.051782,3.805496,392487607.0,3701371533.446802,2026-07-14
2017-01-18,sz.000813,德展健康,9.39213009,9.31530285,9.39853236,9.25128015,2389183,34797577.0,0.608728,-1.221992,392487778.0,3656142516.9935675,2026-07-14
2017-01-19,sz.000813,德展健康,9.29609604,9.66102543,10.09637979,9.29609604,8761472,133032893.0,2.232292,3.71134,392487721.0,3791833853.543745,2026-07-14
2017-01-20,sz.000813,德展健康,9.62261181,9.59060046,9.65462316,9.2832915,4813406,71806784.0,1.226384,-0.728964,392487671.0,3764192438.036928,2026-07-14
2017-01-23,sz.000813,德展健康,9.61620954,9.53298003,9.64181862,9.50096868,3452275,51576483.0,0.879588,-0.600796,392487733.0,3741577720.7089715,2026-07-14
2017-01-24,sz.000813,德展健康,9.52657776,9.30890058,9.58419819,9.30249831,2997496,44079106.0,0.763717,-2.350574,392487793.0,3653629843.90062,2026-07-14
2017-01-25,sz.000813,德展健康,9.30890058,9.31530285,9.4113369,9.23847561,1804349,26303583.0,0.459721,0.068777,392487835.0,3656143047.96583,2026-07-14
2017-01-26,sz.000813,德展健康,9.30890058,9.35371647,9.41773917,9.30890058,1518445,22163237.0,0.386877,0.412367,392487793.0,3671219533.658051,2026-07-14
2017-02-03,sz.000813,德展健康,9.41773917,9.39213009,9.46895733,9.36652101,2051266,30149885.0,0.522632,0.410681,392487639.0,3686294964.2049575,2026-07-14
2017-02-06,sz.000813,德展健康,9.39853236,9.44334825,9.46255506,9.37292328,2247083,33061458.0,0.572523,0.54533,392487813.0,3706399102.039877,2026-07-14
2017-02-07,sz.000813,德展健康,9.43694598,9.30890058,9.43694598,9.27048696,2745219,40000692.0,0.699441,-1.423729,392487572.0,3653627786.6335917,2026-07-14
2017-02-08,sz.000813,德展健康,9.30890058,9.37932555,9.39213009,9.2832915,1846381,26945593.0,0.47043,0.756531,392487937.0,3681272135.5708904,2026-07-14
2017-02-09,sz.000813,德展健康,9.38572782,9.4753596,9.57139365,9.3473142,3492742,51570322.0,0.889898,1.023895,392487903.0,3718964019.574919,2026-07-14
2017-02-10,sz.000813,德展健康,9.50737095,9.51377322,9.65462316,9.42414144,4136768,61717697.0,1.053986,0.405402,392487946.0,3734041309.8276057,2026-07-14
2017-02-13,sz.000813,德展健康,9.48176187,9.45615279,9.603405,9.4113369,3644357,53975729.0,0.928528,-0.605647,392487572.0,3711422449.0081263,2026-07-14
2017-02-14,sz.000813,德展健康,9.45615279,9.43054371,9.52657776,9.37292328,2676456,39408854.0,0.681921,-0.270825,392487693.0,3701372344.4735613,2026-07-14
2017-02-15,sz.000813,德展健康,9.37932555,9.34091193,9.46255506,9.29609604,2808147,41150683.0,0.715474,-0.950437,392487638.0,3666192460.1717215,2026-07-14
2017-02-16,sz.000813,德展健康,9.34091193,9.23847561,9.34091193,9.16805064,3011353,43434698.0,0.767248,-1.09664,392487566.0,3625986805.7192655,2026-07-14
2017-02-17,sz.000813,德展健康,9.20646426,9.17445291,9.2832915,9.11043021,2509700,36004376.0,0.639434,-0.693003,392487731.0,3600860205.812247,2026-07-14
2017-02-20,sz.000813,德展健康,9.17445291,9.25128015,9.25128015,9.14244156,2219241,31905234.0,0.565429,0.837403,392488005.0,3631016489.7696004,2026-07-14
2017-02-21,sz.000813,德展健康,9.23847561,9.30249831,9.31530285,9.18725745,1931152,27979899.0,0.492029,0.553633,392487435.0,3651113700.7837353,2026-07-14
2017-02-22,sz.000813,德展健康,9.29609604,9.32170512,9.32810739,9.25768242,1954601,28376847.0,0.498003,0.206474,392487796.0,3658655497.510716,2026-07-14
2017-02-23,sz.000813,德展健康,9.30249831,9.36652101,9.42414144,9.18725745,3427803,49773552.0,0.873353,0.480767,392487688.0,3676244175.8183246,2026-07-14
2017-02-24,sz.000813,德展健康,9.38572782,9.39213009,9.40493463,9.32170512,1988521,29114711.0,0.506645,0.273411,392488034.0,3686298674.096343,2026-07-14
2017-02-27,sz.000813,德展健康,9.39213009,9.32170512,9.45615279,9.31530285,2336755,34283614.0,0.59537,-0.749827,392487865.0,3658656140.7083693,2026-07-14
2017-02-28,sz.000813,德展健康,9.32170512,9.38572782,9.39853236,9.26408469,2267408,33106130.0,0.577702,0.686809,392487476.0,3683780622.494782,2026-07-14
2017-03-01,sz.000813,德展健康,9.37292328,9.38572782,9.44334825,9.3473142,2468867,36244838.0,0.62903,0.0,392487958.0,3683785146.4155912,2026-07-14
2017-03-02,sz.000813,德展健康,9.37932555,9.32170512,9.44334825,9.30890058,1902100,27795830.0,0.484627,-0.682124,392487418.0,3658651973.9061804,2026-07-14
2017-03-03,sz.000813,德展健康,9.32170512,9.56499138,9.58419819,9.28969377,4681033,69280996.0,1.192657,2.609884,392487781.0,3754142242.020328,2026-07-14
2017-03-06,sz.000813,德展健康,9.59700273,9.57139365,9.7314504,9.48816414,4074197,60982677.0,1.038044,0.066936,392487891.0,3756656107.619292,2026-07-14
2017-03-07,sz.000813,德展健康,9.60980727,9.50737095,9.62901408,9.49456641,2464748,36667490.0,0.627981,-0.668893,392487671.0,3731525881.4985576,2026-07-14
2017-03-08,sz.000813,德展健康,9.51377322,9.52657776,9.54578457,9.48176187,1713629,25465604.0,0.436607,0.202018,392487752.0,3739065089.2755957,2026-07-14
2017-03-09,sz.000813,德展健康,9.50737095,9.3473142,9.52017549,9.32810739,2589273,37994878.0,0.659708,-1.881719,392487737.0,3668706197.3859653,2026-07-14
2017-03-10,sz.000813,德展健康,9.33450966,9.36011874,9.37932555,9.30249831,1537859,22437202.0,0.391823,0.136983,392488190.0,3673736062.447681,2026-07-14
2017-03-13,sz.000813,德展健康,9.37932555,9.39853236,9.44334825,9.27048696,1658511,24278890.0,0.422564,0.4104,392487529.0,3688806742.2029386,2026-07-14
2017-03-14,sz.000813,德展健康,9.40493463,9.34091193,9.42414144,9.32170512,1771739,25917573.0,0.451413,-0.61308,392487367.0,3666189928.784589,2026-07-14
2017-03-15,sz.000813,德展健康,9.35371647,9.29609604,9.36652101,9.27048696,1313319,19107914.0,0.334614,-0.479779,392487762.0,3648603930.0766625,2026-07-14
2017-03-16,sz.000813,德展健康,9.29609604,9.37932555,9.39853236,9.29609604,1877208,27453604.0,0.478284,0.895311,392488145.0,3681274086.470605,2026-07-14
2017-03-17,sz.000813,德展健康,9.37932555,9.4113369,9.53298003,9.35371647,2579930,37946127.0,0.657327,0.341298,392488061.0,3693837371.298751,2026-07-14
2017-03-20,sz.000813,德展健康,9.38572782,9.55218684,9.56499138,9.36652101,4043039,60083009.0,1.030106,1.496601,392487666.0,3749115518.027515,2026-07-14
2017-03-21,sz.000813,德展健康,9.55218684,9.4753596,9.55218684,9.43054371,2087123,30876878.0,0.531768,-0.804289,392487513.0,3718960324.184675,2026-07-14
2017-03-22,sz.000813,德展健康,9.50096868,9.51377322,9.54578457,9.41773917,2428491,35992322.0,0.618743,0.405402,392487834.0,3734040244.285005,2026-07-14
2017-03-23,sz.000813,德展健康,9.53298003,9.45615279,9.5393823,9.2832915,2597743,38366212.0,0.661866,-0.605647,392487754.0,3711424170.027934,2026-07-14
2017-03-24,sz.000813,德展健康,9.44975052,9.39213009,9.44975052,9.30249831,2357224,34490557.0,0.600585,-0.677051,392487991.0,3686298270.2347493,2026-07-14
2017-03-27,sz.000813,德展健康,9.39213009,9.37292328,9.44334825,9.35371647,1558880,22865148.0,0.397179,-0.204497,392488022.0,3678760118.5249524,2026-07-14
2017-03-28,sz.000813,德展健康,9.34091193,9.30890058,9.37292328,9.29609604,1586586,23113444.0,0.404238,-0.683063,392488089.0,3653632599.3351912,2026-07-14
2017-03-29,sz.000813,德展健康,9.37932555,9.25128015,9.37932555,9.25128015,2053092,29833916.0,0.523097,-0.618983,392487818.0,3631014759.7802124,2026-07-14
2017-03-30,sz.000813,德展健康,9.24487788,8.94397119,9.31530285,8.92476438,3646273,51519312.0,0.929016,-3.321796,392487643.0,3510398171.4230046,2026-07-14
2017-03-31,sz.000813,德展健康,8.95677573,8.98238481,9.07201659,8.92476438,2133258,29909825.0,0.543522,0.429488,392487885.0,3525477216.3330264,2026-07-14
2017-04-05,sz.000813,德展健康,8.93116665,9.07201659,9.11043021,8.93116665,2455671,34729592.0,0.625668,0.997864,392487869.0,3560656458.9417467,2026-07-14
2017-04-06,sz.000813,德展健康,9.07201659,9.11683248,9.20646426,9.04000524,1665186,23730946.0,0.424264,0.493999,392488168.0,3578248878.0380964,2026-07-14
2017-04-07,sz.000813,德展健康,9.11043021,9.10402794,9.11043021,8.99518935,2254607,31917371.0,0.57444,-0.140446,392487814.0,3573220024.765523,2026-07-14
2017-04-10,sz.000813,德展健康,9.07841886,8.8991553,9.07841886,8.88635076,2565060,35920914.0,0.653539,-2.250356,392487671.0,3492808737.5643063,2026-07-14
2017-04-11,sz.000813,德展健康,8.8991553,8.88635076,8.94397119,8.68147812,3691059,50623796.0,0.940427,-0.143881,392487562.0,3487782144.869247,2026-07-14
2017-04-12,sz.000813,德展健康,8.79031671,8.74550082,8.8991553,8.71989174,2505023,34508638.0,0.638242,-1.585016,392487959.0,3432503767.2746263,2026-07-14
2017-04-13,sz.000813,德展健康,8.78391444,8.87994849,8.8991553,8.73909855,2187015,30184920.0,0.557219,1.537336,392487514.0,3485268907.288154,2026-07-14
2017-04-14,sz.000813,德展健康,8.87994849,8.7070872,8.88635076,8.69428266,2145063,29300303.0,0.54653,-1.946644,392487695.0,3417424585.292004,2026-07-14
2017-04-17,sz.000813,德展健康,8.73269628,8.80312125,8.82873033,8.69428266,3094291,42358048.0,0.788379,1.102938,392487750.0,3455117252.3896875,2026-07-14
2017-04-18,sz.000813,德展健康,8.87994849,8.79671898,8.89275303,8.7711099,2306583,31832374.0,0.587683,-0.072729,392487617.0,3452603269.8788705,2026-07-14
2017-04-19,sz.000813,德展健康,8.81592579,8.54062818,8.81592579,8.47020321,3142865,41984978.0,0.800755,-2.911205,392487715.0,3352091639.032809,2026-07-14
2017-04-20,sz.000813,德展健康,8.54062818,8.5790418,8.59184634,8.48941002,1883950,25162607.0,0.480002,0.449771,392487948.0,3367170511.8882265,2026-07-14
2017-04-21,sz.000813,德展健康,8.5790418,8.69428266,8.75830536,8.55983499,1943568,26325972.0,0.495192,1.343286,392487762.0,3412399543.418807,2026-07-14
2017-04-24,sz.000813,德展健康,8.69428266,8.14368744,8.73269628,8.1308829,3452473,45345383.0,0.879638,-6.33284,392487933.0,3196299050.323662,2026-07-14
2017-04-25,sz.000813,德展健康,8.14368744,8.29093965,8.38057143,8.14368744,2570778,33274448.0,0.654996,1.808172,392487588.0,3254090905.4820642,2026-07-14
2017-04-26,sz.000813,德展健康,8.33575554,8.35496235,8.43178959,8.22051468,1895667,24676296.0,0.482988,0.772204,392487391.0,3279217374.6547284,2026-07-14
2017-04-27,sz.000813,德展健康,8.26533057,8.37416916,8.3869737,8.13728517,2238589,28954364.0,0.570359,0.229883,392487714.0,3286758510.2577,2026-07-14
2017-04-28,sz.000813,德展健康,8.37416916,8.38057143,8.3869737,8.29093965,1439979,18769458.0,0.366885,0.076454,392487837.0,3289272353.384697,2026-07-14
2017-05-02,sz.000813,德展健康,8.33575554,8.25252603,8.3869737,8.20771014,1602276,20748298.0,0.408236,-1.527882,392487679.0,3239014787.4017844,2026-07-14
2017-05-03,sz.000813,德展健康,8.2589283,8.23972149,8.30374419,8.17569879,1414706,18191149.0,0.360446,-0.155163,392487640.0,3233988841.867384,2026-07-14
2017-05-04,sz.000813,德展健康,8.2589283,8.09246928,8.2589283,8.08606701,2113330,26937795.0,0.538445,-1.787098,392487626.0,3176194056.185129,2026-07-14
2017-05-05,sz.000813,德展健康,8.0668602,7.96442388,8.13728517,7.94521707,1746257,21844242.0,0.44492,-1.582284,392487863.0,3125939708.6873684,2026-07-14
2017-05-08,sz.000813,德展健康,7.95802161,8.0028375,8.12448063,7.9388148,1615379,20233177.0,0.411574,0.482318,392488107.0,3141018541.0036125,2026-07-14
2017-05-09,sz.000813,德展健康,7.98363069,7.98363069,8.06045793,7.79796486,1688670,20880467.0,0.430248,-0.239998,392487589.0,3133475960.9845066,2026-07-14
2017-05-10,sz.000813,德展健康,8.0028375,7.79796486,8.0668602,7.79796486,1810060,22436490.0,0.461176,-2.325581,392487900.0,3060606852.1751943,2026-07-14
2017-05-11,sz.000813,德展健康,7.77875805,7.61229903,7.77875805,7.29218553,2668700,31351010.0,0.679945,-2.380952,392487628.0,2987733189.911401,2026-07-14
2017-05-12,sz.000813,德展健康,7.60589676,7.40742639,7.60589676,7.38181731,2259719,26245518.0,0.575743,-2.691343,392487447.0,2907321872.6515265,2026-07-14
2017-05-15,sz.000813,德展健康,7.2985878,7.1065197,7.45864455,6.81841755,5423864,59969155.0,1.381919,-4.062224,392487838.0,2789222552.7574086,2026-07-14
2017-05-16,sz.000813,德展健康,7.09371516,7.13853105,7.13853105,6.83122209,5247518,57075185.0,1.336989,0.450444,392487747.0,2801785968.7040443,2026-07-14
2017-05-17,sz.000813,德展健康,7.14493332,7.58028768,7.60589676,7.14493332,6777941,79073309.0,1.726918,6.188346,392487715.0,2975169790.565851,2026-07-14
2017-05-18,sz.000813,德展健康,7.58028768,7.65711492,7.84278075,7.4266332,5871111,70539436.0,1.495871,1.013512,392487788.0,3005324097.4125967,2026-07-14
2017-05-19,sz.000813,德展健康,7.77875805,7.54827633,7.77875805,7.43303547,2738311,32320152.0,0.697681,-1.421405,392487541.0,2962604415.5502048,2026-07-14
2017-05-22,sz.000813,德展健康,7.5546786,7.2985878,7.5546786,7.24736964,2151731,24804758.0,0.548229,-3.307891,392487628.0,2864605413.3717384,2026-07-14
2017-05-23,sz.000813,德展健康,7.41382866,7.54187406,7.65071265,7.24096737,4215853,49442319.0,1.074115,3.333335,392495496.0,2960151599.9492335,2026-07-14
2017-05-24,sz.000813,德展健康,7.40736708,7.60912416,7.64755408,7.40736708,3115380,24408607.0,0.529158,0.891722,588742871.0,4479817603.753863,2026-07-14
2017-05-25,sz.000813,德展健康,7.3977596,7.6379466,7.76284384,7.3977596,3177500,25260672.0,0.539709,0.378785,588743193.0,4496789069.247494,2026-07-14
2017-05-26,sz.000813,德展健康,7.6379466,7.70519896,7.8300962,7.57069424,2957729,23782584.0,0.50238,0.880511,588743382.0,4536384894.693282,2026-07-14
2017-05-31,sz.000813,德展健康,7.74362888,7.66676904,7.83970368,7.5899092,2593696,20769556.0,0.440548,-0.498758,588743111.0,4513757455.928083,2026-07-14
2017-06-01,sz.000813,德展健康,7.64755408,7.66676904,7.8781336,7.55147928,3386861,27313541.0,0.57527,0.0,588742851.0,4513755462.568133,2026-07-14
2017-06-02,sz.000813,德展健康,7.67637652,7.685984,7.7340214,7.52265684,2556760,20249920.0,0.434274,0.250626,588743512.0,4525073213.335808,2026-07-14
2017-06-05,sz.000813,德展健康,7.685984,7.61873164,7.7340214,7.58030172,1941432,15442346.0,0.329759,-0.875002,588742688.0,4485472544.884249,2026-07-14
2017-06-06,sz.000813,德展健康,7.62833912,7.61873164,7.66676904,7.51304936,1356355,10713466.0,0.230381,0.0,588744297.0,4485484803.423457,2026-07-14
2017-06-07,sz.000813,德展健康,7.61873164,7.69559148,7.71480644,7.60912416,3382802,26963575.0,0.57458,1.008832,588743430.0,4530728923.813976,2026-07-14
2017-06-08,sz.000813,德展健康,7.685984,7.55147928,7.685984,7.53226432,3101800,24516246.0,0.526851,-1.87266,588743307.0,4445882884.049179,2026-07-14
2017-06-09,sz.000813,德展健康,7.59951668,7.55147928,7.62833912,7.53226432,1484200,11684578.0,0.252096,0.0,588743971.0,4445887898.2314205,2026-07-14
2017-06-12,sz.000813,德展健康,7.5418718,7.53226432,7.58030172,7.38815212,2014300,15718529.0,0.342136,-0.254453,588742488.0,4434564036.030428,2026-07-14
2017-06-13,sz.000813,德展健康,7.42658204,7.48422692,7.53226432,7.3977596,1878018,14601856.0,0.318988,-0.637757,588742523.0,4406282639.5853195,2026-07-14
2017-06-14,sz.000813,德展健康,7.50344188,7.3977596,7.50344188,7.37854464,1891235,14602631.0,0.321233,-1.155329,588742439.0,4355375030.039664,2026-07-14
2017-06-15,sz.000813,德展健康,7.40736708,7.47461944,7.51304936,7.36893716,2199839,17046121.0,0.37365,1.038966,588743209.0,4400631435.159383,2026-07-14
2017-06-16,sz.000813,德展健康,7.47461944,7.41697456,7.48422692,7.38815212,1645967,12722354.0,0.279573,-0.771214,588743191.0,4366693270.020221,2026-07-14
2017-06-19,sz.000813,德展健康,7.43618952,7.43618952,7.46501196,7.33050724,1652378,12735143.0,0.280662,0.259067,588743043.0,4378004846.32951,2026-07-14
2017-06-20,sz.000813,德展健康,7.43618952,7.43618952,7.50344188,7.41697456,2327200,18059467.0,0.395283,0.0,588742749.0,4378002660.08979,2026-07-14
2017-06-21,sz.000813,德展健康,7.43618952,7.48422692,7.4938344,7.37854464,1941216,15068662.0,0.329722,0.645997,588743244.0,4406288035.712929,2026-07-14
2017-06-22,sz.000813,德展健康,7.47461944,7.3977596,7.51304936,7.37854464,2753638,21319543.0,0.467715,-1.155329,588742717.0,4355377086.616833,2026-07-14
2017-06-23,sz.000813,德展健康,7.37854464,7.41697456,7.445797,7.3497222,2153200,16575340.0,0.365728,0.25974,588743547.0,4366695910.463164,2026-07-14
2017-06-26,sz.000813,德展健康,7.38815212,7.42658204,7.445797,7.36893716,1619412,12502912.0,0.275063,0.129537,588742215.0,4372342360.108819,2026-07-14
2017-06-27,sz.000813,德展健康,7.42658204,7.47461944,7.48422692,7.37854464,1698670,13146670.0,0.288525,0.646833,588742743.0,4400627951.986724,2026-07-14
2017-06-28,sz.000813,德展健康,7.47461944,7.61873164,7.64755408,7.40736708,3263641,25657917.0,0.55434,1.928016,588743551.0,4485479119.849653,2026-07-14
2017-06-29,sz.000813,德展健康,7.61873164,8.13753556,8.37772256,7.59951668,8608947,72740427.0,1.462259,6.809589,588742966.0,4790916821.524871,2026-07-14
2017-06-30,sz.000813,德展健康,8.04146076,8.29125524,8.47379736,8.0222458,9717596,84254429.0,1.650567,1.889018,588742899.0,4881417646.34654,2026-07-14
2017-07-03,sz.000813,德展健康,8.29125524,8.42575996,8.66594696,8.28164776,7007060,61603790.0,1.190173,1.622252,588742981.0,4960607036.040841,2026-07-14
2017-07-04,sz.000813,德展健康,8.42575996,8.20478792,8.49301232,8.09910564,7188124,61600777.0,1.220927,-2.622583,588743144.0,4830512635.87402,2026-07-14
2017-07-05,sz.000813,德展健康,8.166358,8.14714304,8.18557296,7.98381588,7992043,67124170.0,1.357476,-0.702581,588742858.0,4796572277.904408,2026-07-14
2017-07-06,sz.000813,德展健康,8.09910564,8.04146076,8.14714304,7.96460092,5935698,49671983.0,1.008198,-1.297166,588743283.0,4734356007.958075,2026-07-14
2017-07-07,sz.000813,德展健康,8.0222458,7.9742084,8.0702832,7.926171,4620499,38346043.0,0.784807,-0.836317,588743347.0,4694762143.091515,2026-07-14
2017-07-10,sz.000813,德展健康,7.94538596,8.18557296,8.2624328,7.94538596,8394821,71111191.0,1.425889,2.650605,588742953.0,4819198396.467351,2026-07-14
2017-07-11,sz.000813,德展健康,8.13753556,7.9742084,8.17596548,7.9742084,4617004,38630118.0,0.784214,-2.582163,588742869.0,4694758331.4199,2026-07-14
2017-07-12,sz.000813,德展健康,7.95499344,7.85891864,8.0222458,7.74362888,4027181,32872436.0,0.68403,-1.445782,588743330.0,4626885930.312671,2026-07-14
2017-07-13,sz.000813,德展健康,7.86852612,7.96460092,7.96460092,7.81088124,2902797,23868944.0,0.49305,1.344739,588742927.0,4689102458.027693,2026-07-14
2017-07-14,sz.000813,德展健康,8.15675052,8.36811508,8.61790956,8.12792808,11388599,99427226.0,1.934392,5.066346,588743078.0,4926669829.257417,2026-07-14
2017-07-17,sz.000813,德展健康,8.37772256,7.926171,8.5986946,7.84931116,9006452,76786504.0,1.529776,-5.281286,588743189.0,4666479191.099319,2026-07-14
2017-07-18,sz.000813,德展健康,7.9742084,8.65633948,8.67555444,7.90695604,11545869,99395007.0,1.961105,9.212124,588743030.0,5096359534.163824,2026-07-14
2017-07-19,sz.000813,德展健康,8.66594696,8.60830208,8.6947694,8.4545824,11377147,101624094.0,1.932447,-0.554941,588743029.0,5068077841.1262,2026-07-14
2017-07-20,sz.000813,德展健康,8.5506572,8.56987216,8.81005916,8.51222728,9582256,86072033.0,1.627579,-0.446428,588742912.0,5045451490.94613,2026-07-14
2017-07-21,sz.000813,德展健康,8.54104972,8.54104972,8.63712452,8.49301232,4798602,42638708.0,0.815059,-0.33632,588742901.0,5028482389.738038,2026-07-14
2017-07-24,sz.000813,德展健康,8.58908712,8.52183476,8.73319932,8.51222728,4960942,44257038.0,0.842633,-0.224977,588742905.0,5017169752.532378,2026-07-14
2017-07-25,sz.000813,德展健康,8.5506572,8.2624328,8.57947964,8.2624328,6712489,58310877.0,1.140139,-3.043963,588743039.0,4864449796.205278,2026-07-14
2017-07-26,sz.000813,德展健康,8.28164776,8.406545,8.406545,8.166358,4192851,36165772.0,0.71217,1.744182,588742997.0,4949294497.715364,2026-07-14
2017-07-27,sz.000813,德展健康,8.33929264,8.46418988,8.47379736,8.30086272,3746629,32800524.0,0.636378,0.685719,588742697.0,4983229977.871305,2026-07-14
2017-07-28,sz.000813,德展健康,8.4545824,8.37772256,8.49301232,8.34890012,2950335,25816082.0,0.501124,-1.021568,588743505.0,4932329743.8919735,2026-07-14
2017-07-31,sz.000813,德展健康,8.30086272,8.34890012,8.44497492,8.30086272,4199044,36527674.0,0.713222,-0.344045,588742916.0,4915355802.04155,2026-07-14
2017-08-01,sz.000813,德展健康,8.34890012,8.34890012,8.406545,8.2624328,3693719,32067177.0,0.627391,0.0,588742746.0,4915354382.728529,2026-07-14
2017-08-02,sz.000813,德展健康,8.32968516,8.28164776,8.37772256,8.2624328,3105832,26831554.0,0.527536,-0.80552,588743138.0,4875763290.033071,2026-07-14
2017-08-03,sz.000813,德展健康,8.2624328,8.22400288,8.32968516,8.20478792,2425378,20869442.0,0.411959,-0.696049,588742569.0,4841820583.034599,2026-07-14
2017-08-04,sz.000813,德展健康,8.2143954,8.29125524,8.41615248,8.19518044,3827676,33033431.0,0.650144,0.817753,588742802.0,4881416842.094783,2026-07-14
2017-08-07,sz.000813,德展健康,8.27204028,8.33929264,8.44497492,8.27204028,2940654,25563813.0,0.49948,0.579376,588743093.0,4909700942.305736,2026-07-14
2017-08-08,sz.000813,德展健康,8.42575996,8.49301232,8.49301232,8.34890012,4616421,40512959.0,0.784115,1.843316,588742850.0,5000200278.361912,2026-07-14
2017-08-09,sz.000813,德展健康,8.51222728,8.38733004,8.52183476,8.36811508,3083530,27068006.0,0.523748,-1.244351,588743060.0,4937982352.979523,2026-07-14
2017-08-10,sz.000813,德展健康,8.36811508,8.53144224,8.72359184,8.36811508,7293304,65189396.0,1.238792,1.71822,588743227.0,5022828835.341709,2026-07-14
2017-08-11,sz.000813,德展健康,8.5026198,8.27204028,8.5026198,8.19518044,4788496,41550757.0,0.813342,-3.040546,588743235.0,4870107754.497506,2026-07-14
2017-08-14,sz.000813,德展健康,8.28164776,8.37772256,8.406545,8.2143954,2715946,23585790.0,0.461313,1.277591,588742567.0,4932321885.588212,2026-07-14
2017-08-15,sz.000813,德展健康,8.37772256,8.4545824,8.52183476,8.37772256,2423187,21321981.0,0.411587,0.91743,588742356.0,4977570761.172134,2026-07-14
2017-08-16,sz.000813,德展健康,8.48340484,8.47379736,8.53144224,8.37772256,2757710,24253557.0,0.468406,0.227267,588743526.0,4988893336.335892,2026-07-14
2017-08-17,sz.000813,德展健康,8.47379736,8.48340484,8.51222728,8.39693752,2732960,24031728.0,0.464203,0.113381,588742425.0,4994540337.758337,2026-07-14
2017-08-18,sz.000813,德展健康,8.47379736,8.62751704,8.63712452,8.42575996,5837624,51940896.0,0.99154,1.69875,588743167.0,5079391705.476067,2026-07-14
2017-08-21,sz.000813,德展健康,8.54104972,8.37772256,8.67555444,8.24321784,8172503,71510920.0,1.388127,-2.895315,588743177.0,4932326995.998974,2026-07-14
2017-08-22,sz.000813,德展健康,8.3585076,8.166358,8.37772256,8.08949816,6476540,55195814.0,1.100062,-2.522939,588743180.0,4807887577.93844,2026-07-14
2017-08-23,sz.000813,德展健康,8.15675052,8.13753556,8.22400288,8.0702832,2834600,24012028.0,0.481466,-0.352938,588743546.0,4790921541.295496,2026-07-14
2017-08-24,sz.000813,德展健康,8.09910564,8.1183206,8.2143954,8.07989068,2177278,18466331.0,0.369818,-0.236133,588743111.0,4779605326.139387,2026-07-14
2017-08-25,sz.000813,德展健康,8.1183206,8.166358,8.20478792,8.08949816,2605491,22121688.0,0.442551,0.591718,588743670.0,4807891579.45386,2026-07-14
2017-08-28,sz.000813,德展健康,8.166358,8.19518044,8.32007768,8.166358,2908418,24886756.0,0.494005,0.352938,588742624.0,4824852036.399075,2026-07-14
2017-08-29,sz.000813,德展健康,8.22400288,8.13753556,8.22400288,8.13753556,2344315,19980725.0,0.39819,-0.703394,588742811.0,4790915560.206859,2026-07-14
2017-08-30,sz.000813,德展健康,8.166358,8.04146076,8.19518044,8.04146076,3983429,33581211.0,0.676599,-1.180642,588742963.0,4734353434.690632,2026-07-14
2017-08-31,sz.000813,德展健康,8.05106824,7.9742084,8.09910564,7.926171,5215521,43424262.0,0.885874,-0.836317,588742982.0,4694759232.505449,2026-07-14
2017-09-01,sz.000813,德展健康,7.98381588,8.14714304,8.15675052,7.93577848,5327825,44626652.0,0.904949,2.168667,588743123.0,4796574436.897314,2026-07-14
2017-09-04,sz.000813,德展健康,8.0702832,8.15675052,8.2143954,8.0702832,4274075,36272392.0,0.725966,0.117927,588743137.0,4802230888.871181,2026-07-14
2017-09-05,sz.000813,德展健康,8.12792808,8.10871312,8.166358,8.07989068,2729918,23073531.0,0.463686,-0.58893,588742813.0,4773946572.078807,2026-07-14
2017-09-06,sz.000813,德展健康,8.10871312,8.10871312,8.13753556,8.0222458,2084516,17526831.0,0.354062,0.0,588743214.0,4773949823.672769,2026-07-14
2017-09-07,sz.000813,德展健康,8.10871312,8.01263832,8.10871312,7.99342336,2768029,23208218.0,0.470159,-1.184827,588743170.0,4717386084.580275,2026-07-14
2017-09-08,sz.000813,德展健康,8.03185328,8.04146076,8.10871312,7.9742084,2423595,20277289.0,0.411656,0.359709,588742785.0,4734352003.3106165,2026-07-14
2017-09-11,sz.000813,德展健康,8.0702832,8.0702832,8.08949816,7.9742084,3012641,25183585.0,0.511707,0.35842,588743363.0,4751325671.530402,2026-07-14
2017-09-12,sz.000813,德展健康,8.0702832,7.99342336,8.07989068,7.9742084,2644150,22085041.0,0.449118,-0.95238,588742825.0,4706070650.387392,2026-07-14
2017-09-13,sz.000813,德展健康,7.99342336,7.96460092,8.0222458,7.93577848,2370404,19652754.13,0.402621,-0.360574,588743260.0,4689105110.239799,2026-07-14
2017-09-14,sz.000813,德展健康,7.9742084,7.9742084,8.05106824,7.94538596,2777367,23124656.16,0.471745,0.12063,588743283.0,4694761632.742177,2026-07-14
2017-09-15,sz.000813,德展健康,7.95499344,7.79166628,7.99342336,7.17678756,3360038,27498567.77,0.570714,-2.289163,588742873.0,4587287991.144423,2026-07-14
2017-09-18,sz.000813,德展健康,7.81088124,8.10871312,8.1183206,7.80127376,5859711,48962412.18,0.995292,4.06905,588742902.0,4773947293.754274,2026-07-14
2017-09-19,sz.000813,德展健康,8.13753556,7.98381588,8.15675052,7.926171,4736689,39752784.07,0.804543,-1.540275,588742802.0,4700414131.843296,2026-07-14
2017-09-20,sz.000813,德展健康,8.0222458,7.9742084,8.04146076,7.93577848,2669828,22188823.24,0.453479,-0.12034,588743470.0,4694763123.919148,2026-07-14
2017-09-21,sz.000813,德展健康,7.9742084,7.90695604,8.01263832,7.89734856,2111082,17468010.18,0.358574,-0.843381,588743746.0,4655170918.446926,2026-07-14
2017-09-22,sz.000813,德展健康,7.81088124,7.79166628,7.8300962,7.66676904,4672917,37620308.27,0.793711,-1.458079,588742880.0,4587288045.686087,2026-07-14
2017-09-25,sz.000813,德展健康,7.79166628,7.65716156,7.79166628,7.57069424,3394355,27024922.59,0.576543,-1.726262,588742730.0,4508098200.885459,2026-07-14
2017-09-26,sz.000813,德展健康,7.60912416,7.5899092,7.66676904,7.51304936,2410450,19010241.66,0.409423,-0.87829,588743182.0,4468507293.499075,2026-07-14
2017-09-27,sz.000813,德展健康,7.5899092,7.5899092,7.6379466,7.5418718,2245082,17721221.36,0.381335,0.0,588742707.0,4468503688.292205,2026-07-14
2017-09-28,sz.000813,德展健康,7.55147928,7.50344188,7.6379466,7.45540448,2365159,18503257.06,0.40173,-1.139242,588743435.0,4417602146.754058,2026-07-14
2017-09-29,sz.000813,德展健康,7.57069424,7.56108676,7.62833912,7.45540448,2077703,16350885.13,0.352905,0.768245,588742863.0,4451535866.473794,2026-07-14
2017-10-09,sz.000813,德展健康,7.57069424,7.59951668,7.62833912,7.52265684,2768956,21869629.64,0.470317,0.508259,588742486.0,4474158342.581666,2026-07-14
2017-10-10,sz.000813,德展健康,7.59951668,7.90695604,8.2624328,7.59951668,6207869,50516983.95,1.054428,4.045508,588742807.0,4655163493.815205,2026-07-14
2017-10-11,sz.000813,德展健康,7.83970368,7.76284384,8.03185328,7.74362888,4649830,38143184.53,0.789789,-1.822596,588743323.0,4570322478.29168,2026-07-14
2017-10-12,sz.000813,德展健康,7.85891864,7.685984,7.85891864,7.66676904,2498689,20110531.32,0.424411,-0.990098,588742752.0,4525067371.987968,2026-07-14
2017-10-13,sz.000813,德展健康,7.67637652,7.72441392,7.76284384,7.67637652,1820852,14630958.16,0.309278,0.499999,588742814.0,4547693187.761571,2026-07-14
2017-10-16,sz.000813,德展健康,7.72441392,7.5899092,7.80127376,7.52265684,3516032,27874691.88,0.59721,-1.741292,588742988.0,4468505821.056689,2026-07-14
2017-10-17,sz.000813,德展健康,7.5418718,7.62833912,7.6379466,7.5418718,1921728,15212836.51,0.326412,0.506329,588743061.0,4491131723.854846,2026-07-14
2017-10-18,sz.000813,德展健康,7.62833912,7.69559148,7.90695604,7.57069424,4146421,33356473.02,0.704284,0.881614,588742752.0,4530723706.202953,2026-07-14
2017-10-19,sz.000813,德展健康,7.5899092,7.40736708,7.76284384,7.38815212,3795062,29786686.22,0.392023,-3.745321,968071261.0,7170859189.825488,2026-07-14
2017-10-20,sz.000813,德展健康,7.42658204,7.41697456,7.47461944,7.32089976,2699959,20820998.1,0.278901,0.129698,968070749.0,7180156117.613145,2026-07-14
2017-10-23,sz.000813,德展健康,7.41697456,7.60912416,7.64755408,7.35932968,2611141,20396671.27,0.269726,2.590677,968071673.0,7366177555.63592,2026-07-14
2017-10-24,sz.000813,德展健康,7.56108676,7.4938344,7.5899092,7.445797,2090209,16321212.77,0.215915,-1.51515,968070305.0,7254558553.227492,2026-07-14
2017-10-25,sz.000813,德展健康,7.45540448,7.42658204,7.57069424,7.3016848,3676535,28449816.53,0.37978,-0.897438,968069672.0,7189448839.543891,2026-07-14
2017-10-26,sz.000813,德展健康,7.445797,7.36893716,7.445797,7.35932968,3309700,25530619.42,0.341886,-0.776196,968071228.0,7133656045.536033,2026-07-14
2017-10-27,sz.000813,德展健康,7.3977596,7.46501196,7.47461944,7.3977596,2516828,19499898.93,0.259984,1.30378,968070343.0,7226656688.6163025,2026-07-14
2017-10-30,sz.000813,德展健康,7.46501196,7.22482496,7.46501196,7.18639504,5058601,38388454.35,0.522545,-3.217503,968069927.0,6994135771.614978,2026-07-14
2017-10-31,sz.000813,德展健康,7.20561,7.23443244,7.28246984,7.1095352,2850998,21344774.21,0.294503,0.132982,968070953.0,7003443906.604916,2026-07-14
2017-11-01,sz.000813,德展健康,7.20561,7.2536474,7.3497222,7.18639504,3368698,25502508.7,0.347981,0.265604,968069521.0,7022034964.020896,2026-07-14
2017-11-02,sz.000813,德展健康,7.27286236,7.22482496,7.27286236,7.11914268,2270189,16959477.4,0.234507,-0.397354,968068757.0,6994127318.569775,2026-07-14
2017-11-03,sz.000813,德展健康,7.22482496,7.1575726,7.22482496,7.1095352,2500498,18573997.06,0.258297,-0.930853,968070864.0,6929037491.024726,2026-07-14
2017-11-06,sz.000813,德展健康,7.18639504,7.32089976,7.34011472,7.1095352,3472245,26036552.71,0.358677,2.28188,968070158.0,7087144587.365362,2026-07-14
2017-11-07,sz.000813,德展健康,7.29207732,7.926171,8.05106824,7.28246984,17480663,142743788.71,1.805722,8.267717,968070556.0,7673092766.921076,2026-07-14
2017-11-08,sz.000813,德展健康,8.0702832,8.72359184,8.72359184,8.0702832,31847258,281681323.32,3.289767,10.06061,968070322.0,8445050361.545372,2026-07-14
2017-11-09,sz.000813,德展健康,8.9829938,8.73319932,8.9829938,8.47379736,21892192,198840949.2,2.261426,0.110135,968070235.0,8454350318.014241,2026-07-14
2017-11-10,sz.000813,德展健康,8.6947694,8.57947964,8.78123672,8.406545,17989723,160764517.45,1.858307,-1.760174,968070561.0,8305541668.1828785,2026-07-14
2017-11-13,sz.000813,德展健康,8.52183476,8.5986946,8.7908442,8.48340484,11756029,105737458.99,1.214378,0.223959,968069991.0,8324138204.033749,2026-07-14
2017-11-14,sz.000813,德展健康,8.5506572,8.38733004,8.6947694,8.28164776,11023629,96456784.57,1.138722,-2.458104,968070258.0,8119524755.75395,2026-07-14
2017-11-15,sz.000813,德展健康,8.33929264,8.4545824,8.5986946,8.32007768,8638522,76403286.35,0.892344,0.80184,968070834.0,8184634635.089722,2026-07-14
2017-11-16,sz.000813,德展健康,8.4545824,8.44497492,8.53144224,8.28164776,4880448,42813478.68,0.504142,-0.113639,968070107.0,8175327774.416717,2026-07-14
2017-11-17,sz.000813,德展健康,8.48340484,8.06067572,8.5026198,7.98381588,8009920,67973307.36,0.827411,-4.550622,968070282.0,7803300617.370954,2026-07-14
2017-11-20,sz.000813,德展健康,8.09910564,8.14714304,8.20478792,7.95499344,4821677,40490033.62,0.498071,1.072696,968070215.0,7887006514.368553,2026-07-14
2017-11-21,sz.000813,德展健康,8.14714304,8.96377884,8.96377884,8.10871312,22130467,201823333.65,2.286039,10.02359,968070405.0,8677569011.96923,2026-07-14
2017-11-22,sz.000813,德展健康,9.15592844,8.9829938,9.39611544,8.81005916,24115402,229278890.12,2.491079,0.214367,968070543.0,8696171685.731632,2026-07-14
2017-11-23,sz.000813,德展健康,8.9829938,8.70437688,9.05024616,8.62751704,11878952,108431007.72,1.227075,-3.101604,968070574.0,8426451122.533929,2026-07-14
2017-11-24,sz.000813,德展健康,8.646732,8.61790956,8.73319932,8.36811508,11487594,101812123.84,1.186649,-0.993379,968070086.0,8342740448.889421,2026-07-14
2017-11-27,sz.000813,德展健康,8.53144224,8.9349564,9.18475088,8.53144224,14528666,135098643.37,1.500786,3.678929,968070464.0,8649667387.96777,2026-07-14
2017-11-28,sz.000813,德展健康,8.75241428,8.94456388,9.1751434,8.7428068,10739036,100441775.22,1.109324,0.107529,968070284.0,8658966495.567743,2026-07-14
2017-11-29,sz.000813,德展健康,8.85809656,8.81966664,8.9349564,8.61790956,8661841,78949693.92,0.894753,-1.396349,968070630.0,8538060240.574782,2026-07-14
2017-11-30,sz.000813,德展健康,8.82927412,9.15592844,9.367293,8.82927412,18068306,172514671.13,1.866425,3.81263,968070295.0,8863582345.90969,2026-07-14
2017-12-01,sz.000813,德展健康,9.00220876,9.19435836,9.48258276,9.00220876,14316274,138290702.62,1.478846,0.419727,968070644.0,8900788418.731985,2026-07-14
2017-12-04,sz.000813,德展健康,9.06946112,9.0310312,9.15592844,8.6947694,12886434,119972565.33,1.331146,-1.776385,968070670.0,8742676424.574903,2026-07-14
2017-12-05,sz.000813,德展健康,8.68516192,8.17596548,8.81005916,8.12792808,16801506,146622355.08,1.554874,-9.46808,1080570258.0,8834705128.122694,2026-07-14
2017-12-06,sz.000813,德展健康,8.14714304,7.926171,8.15675052,7.685984,9253811,76215792.28,0.856382,-3.055232,1080570470.0,8564786322.7703705,2026-07-14
2017-12-07,sz.000813,德展健康,7.85891864,8.13753556,8.25282532,7.83970368,6831347,57718706.71,0.632198,2.66667,1080570802.0,8793183326.372719,2026-07-14
2017-12-08,sz.000813,德展健康,8.07989068,8.32007768,8.406545,8.0222458,7885500,67738840.48,0.729753,2.243206,1080571097.0,8990435465.802816,2026-07-14
2017-12-11,sz.000813,德展健康,8.3104702,8.66594696,8.72359184,8.1183206,11656256,103190448.03,1.078713,4.157051,1080570643.0,9364167878.771095,2026-07-14
2017-12-12,sz.000813,德展健康,8.56026468,8.49301232,8.6947694,8.44497492,5778893,51543305.57,0.5348,-1.995569,1080570868.0,9177301694.557095,2026-07-14
2017-12-13,sz.000813,德展健康,8.4545824,8.6947694,8.75241428,8.44497492,4447860,39960920.0,0.411621,2.375566,1080571691.0,9395321673.413055,2026-07-14
2017-12-14,sz.000813,德展健康,8.646732,8.71398436,9.01181624,8.61790956,7288721,66874689.27,0.674525,0.220989,1080570920.0,9416078096.75081,2026-07-14
2017-12-15,sz.000813,德展健康,8.77162924,8.7428068,8.87731152,8.646732,5551638,50752003.84,0.513769,0.330768,1080570840.0,9447222087.833712,2026-07-14
2017-12-18,sz.000813,德展健康,8.72359184,8.61790956,8.7428068,8.38733004,7289899,65045565.32,0.674634,-1.428573,1080570947.0,9312262694.409552,2026-07-14
2017-12-19,sz.000813,德展健康,8.56026468,8.7908442,8.99260128,8.56026468,6393000,58905570.04,0.591632,2.006682,1080570355.0,9499125637.943691,2026-07-14
2017-12-20,sz.000813,德展健康,8.76202176,8.7428068,8.90613396,8.72359184,4607828,42229893.02,0.426426,-0.54644,1080569196.0,9447207714.659332,2026-07-14
2017-12-21,sz.000813,德展健康,8.73319932,8.60830208,8.81966664,8.4545824,6997357,62561261.16,0.647561,-1.538465,1080571097.0,9301882421.89298,2026-07-14
2017-12-22,sz.000813,德展健康,8.67555444,8.67555444,8.91574144,8.5986946,5133400,46861800.08,0.475064,0.781247,1080570197.0,9374545570.315025,2026-07-14
2017-12-25,sz.000813,德展健康,8.56026468,8.20478792,8.63712452,7.95499344,10757046,92664756.82,0.995497,-5.426354,1080570409.0,8865851038.472658,2026-07-14
2017-12-26,sz.000813,德展健康,8.15675052,8.41615248,8.4545824,8.14714304,5213664,45203953.06,0.482492,2.576116,1080570041.0,9094242230.37585,2026-07-14
2017-12-27,sz.000813,德展健康,8.406545,8.44497492,8.60830208,8.29125524,6203402,54679938.36,0.574086,0.342463,1080570158.0,9125387883.610437,2026-07-14
2017-12-28,sz.000813,德展健康,8.49301232,8.46418988,8.54104972,8.39693752,4002712,35301752.1,0.370426,0.227537,1080569938.0,9146149133.851826,2026-07-14
2017-12-29,sz.000813,德展健康,8.43536744,8.33929264,8.6947694,8.18557296,7553273,66132666.71,0.699008,-1.475597,1080570323.0,9011192141.596323,2026-07-14
2018-01-02,sz.000813,德展健康,8.3104702,8.886919,8.90613396,8.3104702,12911533,117366752.53,1.194881,6.566816,1080570617.0,9602943547.059023,2026-07-14
2018-01-03,sz.000813,德展健康,8.87731152,8.8388816,8.97338632,8.70437688,10031473,91885529.92,0.92835,-0.540543,1080570151.0,9551031625.183123,2026-07-14
2018-01-04,sz.000813,德展健康,8.82927412,8.62751704,8.8388816,8.53144224,11970123,107665495.63,1.10776,-2.391307,1080570069.0,9322636683.211477,2026-07-14
2018-01-05,sz.000813,德展健康,8.63712452,8.49301232,8.6947694,8.406545,7096095,63005444.51,0.656699,-1.559013,1080570398.0,9177297702.841303,2026-07-14
2018-01-08,sz.000813,德展健康,8.49301232,8.48340484,8.51222728,8.3585076,6035775,52900780.61,0.558573,-0.113125,1080570489.0,9166916916.343767,2026-07-14
2018-01-09,sz.000813,德展健康,8.48340484,8.63712452,8.6947694,8.3104702,8242307,73244604.92,0.762774,1.812003,1080569998.0,9333017625.30215,2026-07-14
2018-01-10,sz.000813,德展健康,8.58908712,8.53144224,8.58908712,8.4545824,5772915,51223241.07,0.534247,-1.223578,1080570410.0,9218824039.16812,2026-07-14
2018-01-11,sz.000813,德展健康,8.53144224,8.63712452,8.63712452,8.406545,6825413,60521466.92,0.631649,1.238735,1080570538.0,9333022289.349392,2026-07-14
2018-01-12,sz.000813,德展健康,8.61790956,8.78123672,8.81005916,8.56987216,12886140,116575602.79,1.192531,1.668527,1080570652.0,9488746687.896742,2026-07-14
2018-01-15,sz.000813,德展健康,8.7428068,8.72359184,9.02142372,8.51222728,13081461,120312822.32,1.210607,-0.65646,1080570408.0,9426455193.77427,2026-07-14
2018-01-16,sz.000813,德展健康,8.77162924,8.86770404,8.90613396,8.6947694,7020291,64204937.0,0.649684,1.651978,1080570093.0,9582175779.199276,2026-07-14
2018-01-17,sz.000813,德展健康,8.80045168,8.56987216,8.9829938,8.49301232,11658349,105845617.73,1.078907,-3.358608,1080570336.0,9260349639.408245,2026-07-14
2018-01-18,sz.000813,德展健康,8.46418988,8.38733004,8.56987216,8.28164776,14459836,126188566.81,1.338167,-2.130051,1080570362.0,9063100257.536274,2026-07-14
2018-01-19,sz.000813,德展健康,8.406545,8.4545824,8.51222728,8.3104702,3796875,33274207.5,0.351377,0.80184,1080570157.0,9135769431.337437,2026-07-14
2018-01-22,sz.000813,德展健康,8.3104702,8.3585076,8.43536744,8.07989068,6009247,51642774.77,0.556118,-1.136368,1080570490.0,9031956653.000723,2026-07-14
2018-01-23,sz.000813,德展健康,8.27204028,8.41615248,8.44497492,8.27204028,3036624,26484213.53,0.28102,0.68966,1080572201.0,9094260409.265207,2026-07-14
2018-01-24,sz.000813,德展健康,8.37772256,8.51222728,8.62751704,8.25282532,6979399,61295601.91,0.6459,1.141546,1080569593.0,9198053967.473097,2026-07-14
2018-01-25,sz.000813,德展健康,8.51222728,8.58908712,8.72359184,8.4545824,12217187,109773742.6,1.130624,0.902934,1080570287.0,9281112334.326405,2026-07-14
2018-01-26,sz.000813,德展健康,8.60830208,8.49301232,8.60830208,8.406545,3912352,34568133.1,0.362064,-1.118562,1080569181.0,9177287366.84531,2026-07-14
2018-01-29,sz.000813,德展健康,8.43536744,8.2624328,8.53144224,8.22400288,8450772,72987829.3,0.782066,-2.71493,1080570182.0,8928138514.458769,2026-07-14
2018-01-30,sz.000813,德展健康,8.25282532,8.22400288,8.28164776,8.17596548,1685327,14441829.85,0.155966,-0.465116,1080573330.0,8886638177.971191,2026-07-14
2018-01-31,sz.000813,德展健康,8.25282532,8.17596548,8.27204028,8.13753556,4421801,37604772.0,0.40921,-0.584114,1080570123.0,8834704024.367355,2026-07-14
2018-02-01,sz.000813,德展健康,7.8300962,8.32007768,8.32007768,7.80127376,8481758,72407378.79,0.784933,1.762628,1080570953.0,8990434267.71163,2026-07-14
2018-02-02,sz.000813,德展健康,8.2624328,8.33929264,8.43536744,7.98381588,6820379,58766408.31,0.631183,0.230952,1080570769.0,9011195860.92084,2026-07-14
2018-02-05,sz.000813,德展健康,8.24321784,8.24321784,8.27204028,8.10871312,2915550,24982625.5,0.269816,-1.152078,1080569722.0,8907371609.75424,2026-07-14
2018-02-06,sz.000813,德展健康,8.06067572,7.57069424,8.24321784,7.41697456,12932124,101818548.17,1.196787,-8.158505,1080570227.0,8180666793.464393,2026-07-14
2018-02-07,sz.000813,德展健康,7.67637652,7.32089976,7.74362888,7.27286236,6549550,51023858.92,0.60612,-3.299495,1080569854.0,7910743584.811834,2026-07-14
2018-02-08,sz.000813,德展健康,7.37854464,7.53226432,7.53226432,7.32089976,3912456,30284981.95,0.362073,2.887143,1080571045.0,8139146727.478615,2026-07-14
2018-02-09,sz.000813,德展健康,7.3016848,7.2536474,7.40736708,7.11914268,3477263,26273159.4,0.321799,-3.698979,1080569859.0,7838072748.253716,2026-07-14
2018-02-12,sz.000813,德展健康,7.3016848,7.41697456,7.42658204,7.28246984,2264544,17363281.37,0.209569,2.25165,1080572031.0,8014575264.174531,2026-07-14
2018-02-13,sz.000813,德展健康,7.43618952,7.50344188,7.5418718,7.40736708,2294176,17895984.35,0.212312,1.165805,1080568220.0,8107980836.145053,2026-07-14
2018-02-14,sz.000813,德展健康,7.5418718,7.57069424,7.57069424,7.47461944,2384780,18677274.47,0.220696,0.896289,1080572371.0,8180683025.032843,2026-07-14
2018-02-22,sz.000813,德展健康,7.5899092,7.67637652,7.71480644,7.57069424,2285410,18248249.3,0.2115,1.395935,1080572104.0,8294878327.312598,2026-07-14
2018-02-23,sz.000813,德展健康,7.71480644,7.66676904,7.72441392,7.6379466,2018920,16115649.92,0.186838,-0.125153,1080572475.0,8284499596.806174,2026-07-14
2018-02-26,sz.000813,德展健康,7.65716156,7.90695604,7.94538596,7.65716156,2803860,22843873.28,0.25948,3.132826,1080568830.0,8544010237.004233,2026-07-14
2018-02-27,sz.000813,德展健康,7.926171,8.03185328,8.05106824,7.81088124,4062418,33828829.32,0.375951,1.579588,1080571138.0,8678988839.018633,2026-07-14
2018-02-28,sz.000813,德展健康,8.0222458,8.01263832,8.0702832,7.8300962,2633412,21868209.07,0.243706,-0.239229,1080569210.0,8658210259.458128,2026-07-14
2018-03-01,sz.000813,德展健康,7.9742084,8.10871312,8.10871312,7.926171,2606042,21896802.08,0.241173,1.199034,1080569550.0,8762028487.157497,2026-07-14
2018-03-02,sz.000813,德展健康,7.99342336,8.0222458,8.09910564,7.96460092,7885042,65789883.54,0.729711,-1.066341,1080570527.0,8668602371.829536,2026-07-14
2018-03-05,sz.000813,德展健康,8.10871312,8.2624328,8.2624328,8.00303084,3702238,31396475.39,0.342619,2.994012,1080569963.0,8928136704.985985,2026-07-14
2018-03-06,sz.000813,德展健康,8.2143954,8.18557296,8.2143954,8.0222458,9486217,80450907.95,0.87789,-0.930232,1080570117.0,8845085531.099236,2026-07-14
2018-03-07,sz.000813,德展健康,8.166358,8.30086272,8.36811508,8.15675052,6532884,56372244.48,0.604577,1.408449,1080571044.0,8969671895.451078,2026-07-14
2018-03-08,sz.000813,德展健康,8.15675052,8.32007768,8.3585076,8.15675052,2317424,19978304.44,0.214463,0.231476,1080570541.0,8990430839.839626,2026-07-14
2018-03-09,sz.000813,德展健康,8.25282532,8.28164776,8.36811508,8.25282532,2461800,21257389.5,0.227824,-0.461893,1080570967.0,8948908128.376585,2026-07-14
2018-03-12,sz.000813,德展健康,8.32968516,8.4545824,8.5986946,8.28164776,15500558,135799001.0,1.434479,2.088171,1080570576.0,9135772973.807463,2026-07-14
2018-03-13,sz.000813,德展健康,8.44497492,8.32007768,8.48340484,8.24321784,7485596,64885325.89,0.692745,-1.590913,1080570195.0,8990427961.092749,2026-07-14
2018-03-14,sz.000813,德展健康,8.32007768,8.4545824,8.4545824,8.08949816,4987283,42820105.54,0.461542,1.616632,1080569699.0,9135765559.138697,2026-07-14
2018-03-15,sz.000813,德展健康,8.3585076,8.23361036,8.3585076,8.05106824,5175460,44115657.1,0.478956,-2.613642,1080571075.0,8897001197.836338,2026-07-14
2018-03-16,sz.000813,德展健康,8.2143954,7.93577848,8.2143954,7.91656352,7568024,63387637.7,0.700373,-3.617264,1080570496.0,8575168088.279726,2026-07-14
2018-03-19,sz.000813,德展健康,7.96460092,7.8781336,7.96460092,7.7820588,3867050,31639963.5,0.357871,-0.726397,1080570932.0,8512882166.5725155,2026-07-14
2018-03-20,sz.000813,德展健康,7.82048872,8.12792808,8.18557296,7.7820588,5474887,46186026.17,0.506666,3.170735,1080571224.0,8782805193.98957,2026-07-14
2018-03-21,sz.000813,德展健康,8.12792808,8.08949816,8.2143954,8.04146076,4200372,35586375.1,0.388718,-0.472813,1080570491.0,8741272998.694796,2026-07-14
2018-03-22,sz.000813,德展健康,8.09910564,7.95499344,8.12792808,7.80127376,3320108,27596275.72,0.307255,-1.662712,1080570861.0,8595934110.710152,2026-07-14
2018-03-23,sz.000813,德展健康,7.7820588,7.8781336,7.8781336,7.50344188,8443740,67423489.36,0.781415,-0.966183,1080570504.0,8512878794.731335,2026-07-14
2018-03-26,sz.000813,德展健康,7.685984,7.88774108,7.88774108,7.55147928,5718936,45835755.48,0.529252,0.121954,1080569559.0,8523252900.321783,2026-07-14
2018-03-27,sz.000813,德展健康,8.03185328,8.00303084,8.1183206,7.926171,3664182,30483475.52,0.339097,1.461631,1080570456.0,8647838684.160862,2026-07-14
2018-03-28,sz.000813,德展健康,7.88774108,8.01263832,8.03185328,7.88774108,3025671,25139735.96,0.280007,0.120051,1080569771.0,8658214754.548225,2026-07-14
2018-03-29,sz.000813,德展健康,8.406545,7.91656352,8.406545,7.8781336,10889378,91415286.62,1.007744,-1.199045,1080569867.0,8554399989.903452,2026-07-14
2018-03-30,sz.000813,德展健康,7.85891864,8.166358,8.19518044,7.81088124,11142240,93357011.94,1.031144,3.155343,1080570706.0,8824327229.508749,2026-07-14
2018-04-02,sz.000813,德展健康,8.166358,8.15675052,8.23361036,8.06067572,5013150,42650429.99,0.463936,-0.11765,1080569303.0,8813934224.141287,2026-07-14
2018-04-03,sz.000813,德展健康,8.0702832,8.15675052,8.18557296,8.01263832,3550676,29983107.46,0.328593,0.0,1080569580.0,8813936483.56118,2026-07-14
2018-04-04,sz.000813,德展健康,8.27204028,8.97338632,8.97338632,8.27204028,30108560,274892046.91,2.786358,10.01178,1080570408.0,9696375716.944017,2026-07-14
2018-04-09,sz.000813,德展健康,9.02142372,8.886919,9.05024616,8.72359184,18289385,169177380.91,1.692568,-0.963599,1080570175.0,9602939619.040825,2026-07-14
2018-04-10,sz.000813,德展健康,8.80045168,8.9349564,9.2231808,8.73319932,18004778,169230637.04,1.666229,0.540543,1080570438.0,9654849750.658903,2026-07-14
2018-04-11,sz.000813,德展健康,8.84848908,9.0790686,9.08867608,8.8388816,11776983,110675974.98,1.089886,1.612899,1080570170.0,9810570700.543661,2026-07-14
2018-04-12,sz.000813,德展健康,8.94456388,9.0790686,9.16553592,8.94456388,5769174,54414755.38,0.533901,0.0,1080569993.0,9810569093.54852,2026-07-14
2018-04-13,sz.000813,德展健康,9.09828356,9.0790686,9.20396584,8.9349564,7905614,74631285.18,0.731615,0.0,1080570245.0,9810571381.473806,2026-07-14
2018-04-16,sz.000813,德展健康,8.94456388,9.14632096,9.30004064,8.94456388,9390410,89258718.92,0.869023,0.740748,1080570940.0,9883248637.288902,2026-07-14
2018-04-17,sz.000813,德展健康,9.13671348,9.14632096,9.20396584,8.9829938,6401773,60396894.71,0.592444,0.0,1080570147.0,9883241384.256382,2026-07-14
2018-04-18,sz.000813,德展健康,9.18475088,9.14632096,9.18475088,8.94456388,7981722,75430075.22,0.738658,0.0,1080570711.0,9883246542.781403,2026-07-14
2018-04-19,sz.000813,德展健康,9.1751434,9.18475088,9.4153304,9.05024616,9117600,87691274.46,0.843777,0.420168,1080569866.0,9924765027.644981,2026-07-14
2018-04-20,sz.000813,德展健康,9.18475088,9.1751434,9.26161072,9.08867608,4340966,41448525.72,0.401729,-0.104605,1080570733.0,9914391429.118113,2026-07-14
2018-04-23,sz.000813,德展健康,9.06946112,9.127106,9.18475088,8.7428068,8638535,80359030.0,0.799442,-0.523562,1080570573.0,9862482160.251738,2026-07-14
2018-04-24,sz.000813,德展健康,9.09828356,9.09828356,9.14632096,8.9829938,3122950,29524814.9,0.289009,-0.315787,1080571885.0,9831349416.69371,2026-07-14
2018-04-25,sz.000813,德展健康,9.0790686,9.18475088,9.20396584,9.05024616,4975198,47420438.42,0.460423,0.950371,1080571127.0,9924776609.61584,2026-07-14
2018-04-26,sz.000813,德展健康,9.18475088,9.35768552,9.367293,9.0790686,9626746,93412112.0,0.890895,1.882838,1080570213.0,10111636235.533417,2026-07-14
2018-04-27,sz.000813,德展健康,9.34807804,9.9917792,10.09746148,9.25200324,29936401,303518274.69,2.770426,6.776179,1080570317.0,10796820017.538006,2026-07-14
2018-05-02,sz.000813,德展健康,9.95334928,9.98217172,10.11667644,9.81884456,10465043,108561834.72,0.968474,-0.096147,1080570361.0,10786438899.044392,2026-07-14
2018-05-03,sz.000813,德展健康,9.96295676,9.96295676,10.00138668,9.78041464,5995055,61891313.84,0.554805,-0.192497,1080569750.0,10765669695.414011,2026-07-14
2018-05-04,sz.000813,德展健康,9.8957044,9.96295676,10.01099416,9.85727448,4110798,42635831.94,0.380429,0.0,1080569042.0,10765662641.640625,2026-07-14
2018-05-07,sz.000813,德展健康,9.96295676,9.95334928,10.21275124,9.8957044,7262389,75664013.48,0.672088,-0.096434,1080571145.0,10755302028.074526,2026-07-14
2018-05-08,sz.000813,德展健康,9.95334928,9.8957044,10.09746148,9.81884456,3691151,37998683.38,0.341593,-0.579145,1080569859.0,10692999908.213678,2026-07-14
2018-05-09,sz.000813,德展健康,9.9437418,9.9437418,9.97256424,9.85727448,6043813,62522705.38,0.559317,0.485439,1080570231.0,10744911373.830355,2026-07-14
2018-05-10,sz.000813,德展健康,10.0398166,9.9437418,10.0398166,9.87648944,4386018,45338758.73,0.405898,0.0,1080571474.0,10744923733.901413,2026-07-14
2018-05-11,sz.000813,德展健康,9.9437418,9.85727448,10.01099416,9.847667,4011550,41420153.55,0.371244,-0.869567,1080569652.0,10651471654.52208,2026-07-14
2018-05-14,sz.000813,德展健康,9.78041464,9.8957044,9.96295676,9.58826504,7971813,81555301.72,0.737741,0.389863,1080570688.0,10693008111.752626,2026-07-14
2018-05-15,sz.000813,德展健康,9.95334928,10.14549888,10.17432132,9.85727448,9522743,99767192.5,0.88127,2.524274,1080570427.0,10962926056.889622,2026-07-14
2018-05-16,sz.000813,德展健康,10.25118116,10.10706896,10.88527484,9.95334928,12301616,131045826.03,1.138437,-0.378787,1080570642.0,10921401994.845472,2026-07-14
2018-05-17,sz.000813,德展健康,9.60748,9.97256424,10.00138668,9.60748,6249375,64247305.0,0.57834,-1.330802,1080571117.0,10776064880.171057,2026-07-14
2018-05-18,sz.000813,德展健康,9.847667,9.97256424,9.9917792,9.847667,2639438,27193371.08,0.244263,0.0,1080572170.0,10776075381.281202,2026-07-14
2018-05-21,sz.000813,德展健康,9.95334928,9.93413432,10.02060164,9.88609692,3594640,37216079.04,0.332661,-0.385356,1080571513.0,10734542552.507626,2026-07-14
2018-05-22,sz.000813,德展健康,10.0398166,9.95334928,10.0398166,9.91491936,2743427,28416059.41,0.253887,0.193419,1080570096.0,10755291587.01113,2026-07-14
2018-05-23,sz.000813,德展健康,9.8957044,9.85727448,10.02060164,9.847667,2936150,30241849.5,0.271722,-0.965245,1080571319.0,10651488086.598639,2026-07-14
2018-05-24,sz.000813,德展健康,9.85727448,9.85727448,9.9437418,9.78041464,7437054,76500309.93,0.688253,0.0,1080569790.0,10651473014.825958,2026-07-14
2018-05-25,sz.000813,德展健康,9.85727448,9.91491936,9.93413432,9.74198472,7869360,80579891.52,0.72826,0.58479,1080570126.0,10713765662.11504,2026-07-14
2018-05-28,sz.000813,德展健康,9.91491936,9.92452684,9.9437418,9.7996296,4376350,45084591.0,0.405004,0.096901,1080569575.0,10724141749.574894,2026-07-14
2018-05-29,sz.000813,德展健康,9.93413432,9.92452684,10.17432132,9.81884456,17863465,185703463.62,1.653151,0.0,1080570680.0,10724152716.177052,2026-07-14
2018-05-30,sz.000813,德展健康,9.7996296,9.60748,9.8957044,9.56905008,7058896,71295730.48,0.653256,-3.194578,1080571170.0,10381565904.3516,2026-07-14
2018-05-31,sz.000813,德展健康,9.90531188,9.6555174,10.0398166,9.59787252,7502755,76516257.56,0.694333,0.500002,1080570130.0,10433463692.135263,2026-07-14
2018-06-01,sz.000813,德展健康,9.42493788,9.38650796,9.7035548,9.3192556,5169800,51071978.1,0.478433,-2.786067,1080569275.0,10142772101.118929,2026-07-14
2018-06-04,sz.000813,德展健康,9.367293,9.39611544,9.52101268,9.367293,3061226,30022328.93,0.283297,0.102347,1080571273.0,10153172422.255756,2026-07-14
2018-06-05,sz.000813,德展健康,9.367293,9.4153304,9.4633678,9.3192556,2494900,24441890.7,0.230887,0.204504,1080571881.0,10173941280.564482,2026-07-14
2018-06-06,sz.000813,德展健康,9.43454536,9.45376032,9.47297528,9.2712182,3550195,34644028.35,0.328548,0.408163,1080571180.0,10215460944.419579,2026-07-14
2018-06-07,sz.000813,德展健康,9.4633678,9.44415284,9.5114052,9.367293,3152050,30939464.35,0.291702,-0.101628,1080571954.0,10205086688.193449,2026-07-14
2018-06-08,sz.000813,德展健康,9.1751434,9.45376032,9.49219024,9.1751434,5819700,57090696.29,0.538577,0.101732,1080569724.0,10215447179.744553,2026-07-14
2018-06-11,sz.000813,德展健康,9.34807804,9.45376032,9.53062016,9.34807804,4647970,45822891.39,0.43014,0.0,1080571442.0,10215463421.304783,2026-07-14
2018-06-12,sz.000813,德展健康,9.4633678,9.45376032,9.5114052,9.4153304,5346085,52627470.55,0.494747,0.0,1080569463.0,10215444712.313108,2026-07-14
2018-06-13,sz.000813,德展健康,9.48258276,9.42493788,9.48258276,9.32886308,2177165,21289417.2,0.201483,-0.304875,1080570073.0,10184305813.012066,2026-07-14
2018-06-14,sz.000813,德展健康,9.43454536,9.4153304,9.44415284,9.29043316,2771295,26997266.67,0.256466,-0.101939,1080570134.0,10173924831.982273,2026-07-14
2018-06-15,sz.000813,德展健康,9.32886308,9.4153304,9.4153304,9.14632096,5409472,52196110.8,0.500613,0.0,1080569622.0,10173920011.333109,2026-07-14
2018-06-19,sz.000813,德展健康,9.54983512,8.47379736,9.54983512,8.47379736,12206008,116430742.51,1.129589,-10.0,1080570721.0,9156537322.903097,2026-07-14
2018-06-20,sz.000813,德展健康,7.62833912,7.62833912,7.62833912,7.62833912,4914000,39017160.0,0.45476,-9.977321,1080569971.0,8242954181.676565,2026-07-14
2018-06-21,sz.000813,德展健康,6.8693482,7.7820588,7.98381588,6.8693482,49951359,373985472.33,4.622684,2.015117,1080570487.0,8409063067.378635,2026-07-14
2018-06-22,sz.000813,德展健康,7.00385292,7.55147928,7.65716156,7.00385292,26431254,201546732.65,2.446046,-2.962966,1080570603.0,8159906519.131605,2026-07-14
2018-06-25,sz.000813,德展健康,7.51304936,7.57069424,7.65716156,7.33050724,9066161,70836734.51,0.839016,0.254453,1080570692.0,8180670313.8372135,2026-07-14
2018-06-26,sz.000813,德展健康,7.4938344,7.58030172,7.58030172,7.41697456,5124552,40167445.51,0.474245,0.1269,1080570591.0,8191051109.538716,2026-07-14
2018-06-27,sz.000813,德展健康,7.58030172,7.47461944,7.7340214,7.46501196,2897536,22880931.01,0.268149,-1.394166,1080569385.0,8076844931.389844,2026-07-14
2018-06-28,sz.000813,德展健康,7.48422692,7.47461944,7.6379466,7.3977596,9567744,74950968.69,0.885435,0.0,1080569889.0,8076848698.598042,2026-07-14
2018-06-29,sz.000813,德展健康,7.40736708,7.91656352,7.926171,7.3497222,16722041,132148880.08,1.54752,5.912591,1080570267.0,8554403156.52886,2026-07-14
2018-07-02,sz.000813,德展健康,7.86852612,7.70519896,7.86852612,7.61873164,3531865,28446077.05,0.326852,-2.669895,1080570105.0,8326007649.253091,2026-07-14
2018-07-03,sz.000813,德展健康,7.71480644,7.66676904,7.77245132,7.5899092,2691760,21447144.39,0.249105,-0.498758,1080572449.0,8284499397.47018,2026-07-14
2018-07-04,sz.000813,德展健康,7.5899092,7.65716156,7.77245132,7.4938344,3773791,29981521.89,0.349241,-0.125316,1080569292.0,8274093645.618815,2026-07-14
2018-07-05,sz.000813,德展健康,7.64755408,7.50344188,7.72441392,7.22482496,5865517,45278161.95,0.542817,-2.007526,1080569879.0,8107993284.355132,2026-07-14
2018-07-06,sz.000813,德展健康,7.4938344,7.46501196,7.61873164,7.31129228,5378440,42026468.09,0.497741,-0.512163,1080570015.0,8066468085.59238,2026-07-14
2018-07-09,sz.000813,德展健康,7.38815212,7.61873164,7.71480644,7.38815212,2715603,21541286.46,0.251312,2.0592,1080570367.0,8232575644.309312,2026-07-14
2018-07-10,sz.000813,德展健康,7.62833912,7.66676904,7.685984,7.445797,4012000,31518051.42,0.371285,0.630519,1080571529.0,8284492344.042663,2026-07-14
2018-07-11,sz.000813,德展健康,7.5899092,7.5418718,7.64755408,7.47461944,4154054,32667851.45,0.384432,-1.629074,1080569255.0,8149514792.231509,2026-07-14
2018-07-12,sz.000813,德展健康,7.5899092,7.71480644,7.77245132,7.5418718,6720772,53677562.58,0.621965,2.292991,1080570772.0,8336394350.701372,2026-07-14
2018-07-13,sz.000813,德展健康,7.74362888,7.99342336,8.12792808,7.74362888,5326468,44110220.18,0.492931,3.611457,1080570709.0,8637459147.452362,2026-07-14
2018-07-16,sz.000813,德展健康,8.00303084,7.95499344,8.1183206,7.94538596,2631300,21843394.14,0.24351,-0.480769,1080571640.0,8595940307.650042,2026-07-14
2018-07-17,sz.000813,德展健康,7.95499344,7.89734856,8.03185328,7.84931116,1564679,12923227.76,0.144801,-0.724631,1080571957.0,8533653388.590332,2026-07-14
2018-07-18,sz.000813,德展健康,7.926171,7.90695604,7.96460092,7.84931116,3360864,27710393.84,0.311027,0.121646,1080569854.0,8544018333.727218,2026-07-14
2018-07-19,sz.000813,德展健康,7.89734856,7.926171,7.9742084,7.82048872,2456322,20263833.32,0.227317,0.243019,1080571185.0,8564791989.9826355,2026-07-14
2018-07-20,sz.000813,德展健康,7.926171,7.93577848,7.9742084,7.85891864,4122137,34050928.32,0.381478,0.121215,1080570046.0,8575164517.17941,2026-07-14
2018-07-23,sz.000813,德展健康,7.81088124,7.85891864,7.89734856,7.59951668,4689358,38230674.13,0.433971,-0.968522,1080569439.0,8492107305.971442,2026-07-14
2018-07-24,sz.000813,德展健康,7.8781336,8.00303084,8.0222458,7.83970368,4190583,34776415.66,0.387812,1.833736,1080570740.0,8647840957.02162,2026-07-14
2018-07-25,sz.000813,德展健康,8.1183206,8.0222458,8.1183206,7.93577848,1659273,13884339.09,0.153555,0.240101,1080572433.0,8668617662.230032,2026-07-14
2018-07-26,sz.000813,德展健康,7.9742084,8.01263832,8.03185328,7.926171,2607911,21673954.3,0.241346,-0.119763,1080569390.0,8658211701.733025,2026-07-14
2018-07-27,sz.000813,德展健康,8.05106824,7.94538596,8.05106824,7.89734856,2576900,21332595.12,0.238476,-0.839325,1080569953.0,8585545333.36406,2026-07-14
2018-07-30,sz.000813,德展健康,7.90695604,7.926171,8.00303084,7.80127376,2916855,24029285.09,0.269937,-0.241843,1080568799.0,8564773078.138629,2026-07-14
2018-07-31,sz.000813,德展健康,7.94538596,7.90695604,7.99342336,7.79166628,2721480,22421826.9,0.251856,-0.24243,1080569849.0,8544018294.192438,2026-07-14
2018-08-01,sz.000813,德展健康,7.90695604,7.86852612,7.96460092,7.81088124,1406550,11558772.81,0.130167,-0.486026,1080573417.0,8502520156.242152,2026-07-14
2018-08-02,sz.000813,德展健康,7.79166628,7.80127376,7.85891864,7.65716156,3407649,27511972.88,0.315357,-0.854697,1080568689.0,8429812159.373301,2026-07-14
2018-08-03,sz.000813,德展健康,7.79166628,8.07989068,8.13753556,7.75323636,5264266,43871057.3,0.487175,3.571428,1080569816.0,8730885985.387714,2026-07-14
2018-08-06,sz.000813,德展健康,8.07989068,7.74362888,8.12792808,7.685984,3044074,25124596.74,0.28171,-4.161705,1080570090.0,8367533755.788199,2026-07-14
2018-08-07,sz.000813,德展健康,7.82048872,7.90695604,7.926171,7.76284384,3110026,25420019.6,0.287813,2.10917,1080571760.0,8544033404.38543,2026-07-14
2018-08-08,sz.000813,德展健康,7.90695604,7.74362888,7.90695604,7.74362888,2048888,16587976.42,0.189612,-2.065603,1080568740.0,8367523301.889212,2026-07-14
2018-08-09,sz.000813,德展健康,7.74362888,8.00303084,8.04146076,7.65716156,4009562,33054706.26,0.37106,3.34987,1080569719.0,8647832785.927134,2026-07-14
2018-08-10,sz.000813,德展健康,7.9742084,8.04146076,8.2624328,7.95499344,2423490,20401317.5,0.224279,0.480192,1080569291.0,8689355552.037521,2026-07-14
2018-08-13,sz.000813,德展健康,7.9742084,8.00303084,8.0702832,7.81088124,2642213,21785701.56,0.24452,-0.477897,1080571323.0,8647845622.7886,2026-07-14
2018-08-14,sz.000813,德展健康,7.96460092,7.88774108,8.0222458,7.84931116,1363239,11229068.55,0.126159,-1.440575,1080572135.0,8523273219.142805,2026-07-14
2018-08-15,sz.000813,德展健康,7.84931116,7.71480644,7.91656352,7.6379466,2404528,19416889.58,0.222524,-2.192452,1080570186.0,8336389829.824799,2026-07-14
2018-08-16,sz.000813,德展健康,7.685984,7.72441392,7.81088124,7.5899092,3203600,25671844.79,0.296473,0.124536,1080570575.0,8346774391.072404,2026-07-14
2018-08-17,sz.000813,德展健康,7.74362888,7.7340214,7.76284384,7.45540448,8541857,67874904.3,0.790495,0.124381,1080570655.0,8357156569.982017,2026-07-14
2018-08-20,sz.000813,德展健康,7.70519896,7.72441392,7.7340214,7.5418718,2208528,17509131.17,0.204385,-0.124226,1080572449.0,8346788866.62409,2026-07-14
2018-08-21,sz.000813,德展健康,7.6379466,7.685984,7.7820588,7.5899092,2477008,19763571.32,0.229232,-0.497512,1080568158.0,8305229573.297472,2026-07-14
2018-08-22,sz.000813,德展健康,7.66676904,7.61873164,7.72441392,7.55147928,950749,7537566.72,0.087986,-0.875002,1080568500.0,8232561420.13734,2026-07-14
2018-08-23,sz.000813,德展健康,7.60912416,7.61873164,7.64755408,7.55147928,1521132,12048955.76,0.140771,0.0,1080571993.0,8232588032.366959,2026-07-14
2018-08-24,sz.000813,德展健康,7.58030172,7.61873164,7.67637652,7.55147928,837450,6642869.0,0.077501,0.0,1080566702.0,8232547721.657851,2026-07-14
2018-08-27,sz.000813,德展健康,7.60912416,7.65716156,7.71480644,7.57069424,1502615,11975468.69,0.139058,0.504413,1080567101.0,8274076868.777837,2026-07-14
2018-08-28,sz.000813,德展健康,7.60912416,7.64755408,7.685984,7.48422692,3185398,25130444.17,0.294789,-0.125467,1080568814.0,8263708442.226461,2026-07-14
2018-08-29,sz.000813,德展健康,7.6379466,7.7820588,7.8300962,7.52265684,3594882,28668373.71,0.332684,1.758798,1080569549.0,8409055767.807481,2026-07-14
2018-08-30,sz.000813,德展健康,7.71480644,7.70519896,7.85891864,7.685984,2266489,18351524.65,0.209749,-0.987653,1080572017.0,8326022381.593502,2026-07-14
2018-08-31,sz.000813,德展健康,7.71480644,7.66676904,7.76284384,7.57069424,3271950,26096355.71,0.302798,-0.498758,1080571866.0,8284494927.743829,2026-07-14
2018-09-03,sz.000813,德展健康,7.685984,7.6379466,7.685984,7.47461944,1662841,13071238.67,0.153885,-0.375943,1080573805.0,8253365019.948813,2026-07-14
2018-09-04,sz.000813,德展健康,7.6379466,7.6379466,7.7340214,7.48422692,2570324,20430811.68,0.237867,0.0,1080571916.0,8253350591.867686,2026-07-14
2018-09-05,sz.000813,德展健康,7.60912416,7.70519896,7.7340214,7.55147928,2422496,19269575.2,0.224187,0.880511,1080569346.0,8326001801.00708,2026-07-14
2018-09-06,sz.000813,德展健康,7.71480644,7.65716156,7.71480644,7.57069424,1967947,15620307.12,0.182121,-0.62345,1080571159.0,8274107941.539448,2026-07-14
2018-09-07,sz.000813,德展健康,7.66676904,7.65716156,7.72441392,7.59951668,1554068,12391276.21,0.143819,0.0,1080572108.0,8274115208.185768,2026-07-14
2018-09-10,sz.000813,德展健康,7.65716156,7.62833912,7.70519896,7.51304936,2230600,17587887.5,0.206428,-0.376408,1080570465.0,8242957950.076091,2026-07-14
2018-09-11,sz.000813,德展健康,7.62833912,7.62833912,7.67637652,7.53226432,1644653,13006342.12,0.152202,0.0,1080572529.0,8242973694.968034,2026-07-14
2018-09-12,sz.000813,德展健康,7.61873164,7.61873164,7.64755408,7.56108676,1419855,11227512.4,0.131399,-0.125947,1080567584.0,8232554441.379158,2026-07-14
2018-09-13,sz.000813,德展健康,7.60912416,7.6379466,7.685984,7.56108676,1292300,10231361.0,0.119594,0.252207,1080572604.0,8253355846.774946,2026-07-14
2018-09-14,sz.000813,德展健康,7.61873164,7.62833912,7.64755408,7.53226432,3825277,30181383.61,0.354005,-0.125783,1080571461.0,8242965547.901854,2026-07-14
2018-09-17,sz.000813,德展健康,7.59951668,7.60912416,7.61873164,7.53226432,1349850,10631263.5,0.12492,-0.251889,1080571566.0,8222203209.459635,2026-07-14
2018-09-18,sz.000813,德展健康,7.58030172,7.5899092,7.60912416,7.53226432,1082281,8531087.22,0.100158,-0.252525,1080573694.0,8201456221.368585,2026-07-14
2018-09-19,sz.000813,德展健康,7.58030172,7.59951668,7.60912416,7.5418718,1995775,15724965.11,0.184696,0.126579,1080572941.0,8211832089.086156,2026-07-14
2018-09-20,sz.000813,德展健康,7.5899092,7.58030172,7.60912416,7.52265684,3483234,27417785.96,0.322351,-0.252844,1080571799.0,8191060266.543194,2026-07-14
2018-09-21,sz.000813,德展健康,7.56108676,7.6379466,7.66676904,7.53226432,2557914,20204108.14,0.236719,0.760455,1080569789.0,8253334345.955268,2026-07-14
2018-09-25,sz.000813,德展健康,7.60912416,7.5899092,7.6379466,7.55147928,1204500,9508157.18,0.111469,-0.628927,1080569486.0,8201424283.030671,2026-07-14
2018-09-26,sz.000813,德展健康,7.59951668,7.60912416,7.61873164,7.56108676,2179012,17216143.26,0.201654,0.253164,1080569689.0,8222188927.133587,2026-07-14
2018-09-27,sz.000813,德展健康,7.60912416,7.57069424,7.60912416,7.56108676,1222850,9649021.0,0.113167,-0.50505,1080571191.0,8180674091.61364,2026-07-14
2018-09-28,sz.000813,德展健康,7.56108676,7.61873164,7.62833912,7.56108676,1220720,9660266.28,0.11297,0.634514,1080570063.0,8232573328.214893,2026-07-14
2018-10-08,sz.000813,德展健康,7.57069424,7.58030172,7.60912416,7.4938344,2665711,20952838.63,0.246695,-0.504413,1080569529.0,8191043059.258289,2026-07-14
2018-10-09,sz.000813,德展健康,7.57069424,7.5899092,7.5899092,7.51304936,1643586,12922460.46,0.152104,0.126746,1080567243.0,8201407258.864336,2026-07-14
2018-10-10,sz.000813,德展健康,7.58030172,7.5899092,7.60912416,7.52265684,1061985,8369499.49,0.09828,0.0,1080570818.0,8201434392.789725,2026-07-14
2018-10-11,sz.000813,德展健康,7.56108676,7.5899092,7.5899092,7.1575726,5778245,44418769.79,0.53474,0.0,1080570932.0,8201435258.039374,2026-07-14
2018-10-12,sz.000813,德展健康,7.48422692,7.57069424,7.57069424,7.35932968,2410057,18705422.08,0.223036,-0.253164,1080568608.0,8180654536.510418,2026-07-14
2018-10-15,sz.000813,德展健康,7.4938344,7.57069424,7.57069424,7.445797,2443000,19090992.5,0.226084,0.0,1080571823.0,8180678876.292399,2026-07-14
2018-10-16,sz.000813,德展健康,7.4938344,7.57069424,7.57069424,7.43618952,3528524,27574957.02,0.326543,0.0,1080569481.0,8180661145.726489,2026-07-14
2018-10-17,sz.000813,德展健康,7.55147928,7.58030172,7.69559148,7.4938344,3033740,23968621.57,0.280754,0.1269,1080568754.0,8191037184.524456,2026-07-14
2018-10-18,sz.000813,德展健康,7.57069424,7.57069424,7.57069424,7.43618952,3201481,25017126.45,0.296277,-0.12674,1080570210.0,8180666664.76259,2026-07-14
2018-10-19,sz.000813,德展健康,7.45540448,7.76284384,7.83970368,7.43618952,5757467,45307332.81,0.532817,2.538069,1080571190.0,8388305405.97297,2026-07-14
2018-10-22,sz.000813,德展健康,7.7820588,8.12792808,8.19518044,7.71480644,5594031,46590544.19,0.517692,4.702972,1080571266.0,8782805535.362549,2026-07-14
2018-10-23,sz.000813,德展健康,8.13753556,8.27204028,8.406545,8.04146076,4396484,37531862.4,0.406867,1.773045,1080570309.0,8938521121.420048,2026-07-14
2018-10-24,sz.000813,德展健康,8.27204028,8.166358,8.3585076,8.15675052,4979011,42666857.76,0.460776,-1.27758,1080570820.0,8824328160.47356,2026-07-14
2018-10-25,sz.000813,德展健康,8.10871312,8.24321784,8.28164776,7.90695604,2643081,22301714.2,0.244601,0.941176,1080568354.0,8907360333.032234,2026-07-14
2018-10-26,sz.000813,德展健康,8.4545824,8.48340484,8.5026198,8.27204028,2985892,26127407.13,0.276326,2.913753,1080568604.0,9166900925.125645,2026-07-14
2018-10-29,sz.000813,德展健康,8.49301232,8.43536744,8.56026468,8.406545,1455881,12815212.93,0.134733,-0.566254,1080567493.0,9114983847.174627,2026-07-14
2018-10-30,sz.000813,德展健康,8.406545,8.56987216,8.646732,8.3104702,3511076,31153435.44,0.324928,1.594537,1080570465.0,9260350744.921753,2026-07-14
2018-10-31,sz.000813,德展健康,8.56026468,8.7428068,8.8388816,8.51222728,3584611,32436012.73,0.331733,2.017941,1080571122.0,9447224553.30523,2026-07-14
2018-11-01,sz.000813,德展健康,8.72359184,8.91574144,9.10789104,8.646732,4702070,43629601.06,0.435147,1.978015,1080570474.0,9634086953.882242,2026-07-14
2018-11-02,sz.000813,德展健康,8.92534892,9.20396584,9.30004064,8.92534892,6575125,62300737.59,0.608487,3.232761,1080569511.0,9945524866.989504,2026-07-14
2018-11-05,sz.000813,德展健康,9.20396584,9.04063868,9.30964812,8.86770404,4494532,42344162.85,0.415941,-1.774531,1080569600.0,9769039322.19213,2026-07-14
2018-11-06,sz.000813,德展健康,8.94456388,9.05024616,9.16553592,8.86770404,3362395,31822867.63,0.311169,0.106272,1080568758.0,9779413252.70547,2026-07-14
2018-11-07,sz.000813,德展健康,9.06946112,9.01181624,9.15592844,8.91574144,2075350,19550066.83,0.192061,-0.424628,1080568153.0,9737881629.632204,2026-07-14
2018-11-08,sz.000813,德展健康,8.9829938,9.00220876,9.10789104,8.89652648,4714996,44280867.9,0.436343,-0.106612,1080571019.0,9727525893.043926,2026-07-14
2018-11-09,sz.000813,德展健康,9.0310312,9.04063868,9.1751434,8.91574144,4177681,39432661.53,0.386618,0.426894,1080570744.0,9769049664.68278,2026-07-14
2018-11-12,sz.000813,德展健康,9.06946112,9.20396584,9.2712182,8.9829938,3234664,30890024.73,0.299348,1.80659,1080569772.0,9945527269.224588,2026-07-14
2018-11-13,sz.000813,德展健康,9.20396584,9.32886308,9.40572292,9.127106,4977856,48202055.8,0.460669,1.356995,1080571082.0,10080499672.185452,2026-07-14
2018-11-14,sz.000813,德展健康,9.32886308,9.19435836,9.4633678,9.09828356,3550862,34166737.78,0.32861,-1.441816,1080570281.0,9935150396.6799,2026-07-14
2018-11-15,sz.000813,德展健康,9.1751434,9.14632096,9.25200324,9.02142372,2896764,27480287.4,0.268077,-0.522458,1080571627.0,9883254920.811403,2026-07-14
2018-11-16,sz.000813,德展健康,9.13671348,9.04063868,9.16553592,9.01181624,3151207,29756380.44,0.291624,-1.155469,1080571901.0,9769060124.70173,2026-07-14
2018-11-19,sz.000813,德展健康,9.127106,8.92534892,9.127106,8.84848908,2725797,25381168.44,0.252255,-1.275238,1080572040.0,9644482490.196196,2026-07-14
2018-11-20,sz.000813,德展健康,8.9349564,8.96377884,8.99260128,8.70437688,6958129,63990104.12,0.643931,0.43057,1080570589.0,9685995780.804537,2026-07-14
2018-11-21,sz.000813,德展健康,8.886919,9.15592844,9.2712182,8.47379736,6194664,58516070.38,0.573277,2.143621,1080570824.0,9893629138.895834,2026-07-14
2018-11-22,sz.000813,德展健康,9.15592844,9.06946112,9.21357332,8.86770404,3104250,29133950.5,0.287279,-0.944388,1080569760.0,9800185425.76773,2026-07-14
2018-11-23,sz.000813,德展健康,9.04063868,9.24239576,9.4633678,8.94456388,3396542,32371442.57,0.314329,1.906783,1080569085.0,9987047129.59108,2026-07-14
2018-11-26,sz.000813,德展健康,9.1751434,9.32886308,9.4153304,9.127106,2846865,27530441.97,0.263459,0.935553,1080572309.0,10080511118.70045,2026-07-14
2018-11-27,sz.000813,德展健康,9.32886308,9.39611544,9.5114052,9.14632096,4677574,45581966.43,0.43288,0.720903,1080570597.0,10153166070.481718,2026-07-14
2018-11-28,sz.000813,德展健康,9.367293,9.367293,9.4153304,9.2231808,4323382,41809495.32,0.400102,-0.306746,1080569955.0,10122015375.481815,2026-07-14
2018-11-29,sz.000813,德展健康,9.33847056,9.38650796,9.49219024,9.20396584,2680854,26030302.26,0.248096,0.205133,1080571230.0,10142790451.741991,2026-07-14
2018-11-30,sz.000813,德展健康,9.35768552,9.30964812,9.38650796,9.21357332,7152935,68977606.75,0.661959,-0.818842,1080570700.0,10059732985.782084,2026-07-14
2018-12-03,sz.000813,德展健康,9.35768552,9.42493788,9.59787252,9.33847056,5101450,50043366.72,0.472107,1.238399,1080570718.0,10184311892.096998,2026-07-14
2018-12-04,sz.000813,德展健康,9.45376032,9.367293,9.45376032,9.20396584,4000339,38723713.41,0.370206,-0.611625,1080571087.0,10122025979.25749,2026-07-14
2018-12-05,sz.000813,德展健康,9.2712182,9.15592844,9.3192556,9.0310312,6902163,65598261.22,0.638752,-2.256413,1080570080.0,9893622326.885075,2026-07-14
2018-12-06,sz.000813,德展健康,9.11749852,9.10789104,9.19435836,8.92534892,6572300,62185388.46,0.608225,-0.524661,1080570513.0,9841718493.440905,2026-07-14
2018-12-07,sz.000813,德展健康,9.10789104,8.90613396,9.14632096,8.85809656,3291750,30716358.0,0.304631,-2.21518,1080569607.0,9623697673.046555,2026-07-14
2018-12-10,sz.000813,德展健康,8.886919,8.9349564,8.96377884,8.54104972,6885340,63121982.15,0.637195,0.323622,1080570312.0,9654848624.854397,2026-07-14
2018-12-11,sz.000813,德展健康,8.92534892,9.0310312,9.04063868,8.81966664,4458181,41598832.43,0.412577,1.075263,1080569445.0,9758656371.561684,2026-07-14
2018-12-12,sz.000813,德展健康,9.08867608,8.9349564,9.10789104,8.75241428,3675140,34108641.6,0.340111,-1.063824,1080570755.0,9654852583.040083,2026-07-14
2018-12-13,sz.000813,德展健康,8.89652648,8.91574144,9.0790686,8.85809656,4378914,40659727.26,0.405241,-0.215059,1080570327.0,9634085643.268251,2026-07-14
2018-12-14,sz.000813,德展健康,8.76202176,8.91574144,8.9829938,8.7428068,6874060,63481283.54,0.636151,0.0,1080570493.0,9634087123.28133,2026-07-14
2018-12-17,sz.000813,德展健康,8.886919,8.58908712,8.886919,8.39693752,5874750,52608446.34,0.543671,-3.663795,1080570786.0,9281116620.280876,2026-07-14
2018-12-18,sz.000813,德展健康,8.5026198,8.78123672,8.78123672,8.38733004,2680063,24091100.76,0.248023,2.237145,1080570350.0,9488744035.963253,2026-07-14
2018-12-19,sz.000813,德展健康,8.78123672,8.886919,8.886919,8.67555444,2604478,23909475.91,0.241028,1.203497,1080570722.0,9602944480.185518,2026-07-14
2018-12-20,sz.000813,德展健康,8.886919,8.87731152,8.90613396,8.75241428,1290308,11870873.86,0.11941,-0.108111,1080569467.0,9592551777.559359,2026-07-14
2018-12-21,sz.000813,德展健康,8.82927412,8.7908442,8.90613396,8.72359184,2177350,19969445.37,0.2015,-0.974028,1080570720.0,9499128846.601824,2026-07-14
2018-12-24,sz.000813,德展健康,8.84848908,8.81966664,8.84848908,8.7428068,1906551,17485873.47,0.176439,0.327876,1080572322.0,9530287660.450737,2026-07-14
2018-12-25,sz.000813,德展健康,8.76202176,8.81966664,8.82927412,8.6947694,3895113,35584641.29,0.360468,0.0,1080571091.0,9530276803.441103,2026-07-14
2018-12-26,sz.000813,德展健康,8.76202176,8.80045168,8.85809656,8.72359184,1712666,15691555.64,0.158496,-0.21787,1080573642.0,9509536123.10262,2026-07-14
2018-12-27,sz.000813,德展健康,8.8388816,8.82927412,8.886919,8.78123672,3677826,33794878.98,0.34036,0.327508,1080569397.0,9540643411.796104,2026-07-14
2018-12-28,sz.000813,德展健康,8.8388816,8.81966664,8.87731152,8.72359184,3156895,28904149.07,0.292151,-0.108806,1080569637.0,9530263979.64581,2026-07-14
2019-01-02,sz.000813,德展健康,8.82927412,8.8388816,8.85809656,8.73319932,2127332,19476908.9,0.196871,0.21786,1080571542.0,9551043920.067429,2026-07-14
2019-01-03,sz.000813,德展健康,8.81966664,8.84848908,8.89652648,8.63712452,6765145,61825371.35,0.626072,0.108698,1080569807.0,9561410137.417208,2026-07-14
2019-01-04,sz.000813,德展健康,8.81966664,8.81005916,8.85809656,8.6947694,3383884,30966967.06,0.313157,-0.43431,1080571087.0,9519895203.055506,2026-07-14
2019-01-07,sz.000813,德展健康,8.8388816,8.87731152,8.89652648,8.78123672,4010840,36956232.5,0.371178,0.763355,1080570508.0,9592561018.84065,2026-07-14
2019-01-08,sz.000813,德展健康,8.84848908,8.81966664,8.89652648,8.81005916,6129175,56387611.75,0.567217,-0.649345,1080569694.0,9530264482.366808,2026-07-14
2019-01-09,sz.000813,德展健康,8.84848908,8.86770404,8.886919,8.78123672,3611959,33270959.8,0.334264,0.544654,1080570746.0,9582181569.810013,2026-07-14
2019-01-10,sz.000813,德展健康,8.81005916,8.75241428,8.86770404,8.67555444,2215500,20224868.91,0.205031,-1.300107,1080568304.0,9457581454.44498,2026-07-14
2019-01-11,sz.000813,德展健康,8.73319932,8.81966664,8.81966664,8.56987216,4789240,43539311.18,0.443214,0.768394,1080570560.0,9530272120.198118,2026-07-14
2019-01-14,sz.000813,德展健康,8.7908442,8.78123672,8.82927412,8.67555444,1615900,14733173.76,0.149541,-0.435729,1080573221.0,9488769246.893875,2026-07-14
2019-01-15,sz.000813,德展健康,8.68516192,8.8388816,8.85809656,8.68516192,2264097,20751925.26,0.209528,0.656449,1080570139.0,9551031519.116543,2026-07-14
2019-01-16,sz.000813,德展健康,8.8388816,8.886919,8.9349564,8.75241428,3619999,33326954.93,0.335008,0.54348,1080570912.0,9602946168.700129,2026-07-14
2019-01-17,sz.000813,德展健康,8.886919,8.81005916,8.886919,8.72359184,2039617,18703320.89,0.188754,-0.864864,1080568889.0,9519875838.545473,2026-07-14
2019-01-18,sz.000813,德展健康,8.81005916,8.80045168,8.8388816,8.72359184,1637900,14957959.5,0.151577,-0.109054,1080572910.0,9509529681.17199,2026-07-14
2019-01-21,sz.000813,德展健康,8.7428068,8.77162924,8.85809656,8.70437688,1880450,17185148.5,0.174024,-0.327508,1080569347.0,9478353679.992905,2026-07-14
2019-01-22,sz.000813,德展健康,8.76202176,8.76202176,8.81966664,8.65633948,3524187,32098192.24,0.326141,-0.109532,1080571593.0,9467991811.103863,2026-07-14
2019-01-23,sz.000813,德展健康,8.7428068,8.73319932,8.78123672,8.67555444,2995700,27199036.49,0.277233,-0.328944,1080571216.0,9436843808.782774,2026-07-14
2019-01-24,sz.000813,德展健康,8.73319932,8.71398436,8.7428068,8.5506572,4347000,39129196.22,0.402288,-0.220027,1080569144.0,9416062620.714588,2026-07-14
2019-01-25,sz.000813,德展健康,8.67555444,8.70437688,8.75241428,8.5986946,6034800,54670174.52,0.558483,-0.110246,1080570044.0,9405688908.214182,2026-07-14
2019-01-28,sz.000813,德展健康,8.67555444,8.96377884,9.02142372,8.63712452,11192716,103765301.63,1.035816,2.980127,1080569908.0,9685989676.471146,2026-07-14
2019-01-29,sz.000813,德展健康,9.127106,8.81966664,9.127106,8.72359184,7421901,68980826.82,0.68685,-1.607713,1080570867.0,9530274827.835775,2026-07-14
2019-01-30,sz.000813,德展健康,8.7428068,8.7428068,8.81966664,8.4545824,4969514,44964982.32,0.459897,-0.871459,1080571084.0,9447224221.078571,2026-07-14
2019-01-31,sz.000813,德展健康,8.66594696,8.67555444,8.78123672,8.5986946,4910500,44396917.22,0.454436,-0.769238,1080570201.0,9374545605.017242,2026-07-14
2019-02-01,sz.000813,德展健康,8.27204028,8.7908442,8.8388816,8.27204028,4045550,36488950.0,0.37439,1.328902,1080571062.0,9499131853.070541,2026-07-14
2019-02-11,sz.000813,德展健康,8.80045168,8.68516192,8.81966664,8.65633948,3858002,34984866.06,0.357034,-1.202182,1080569918.0,9384924703.711123,2026-07-14
2019-02-12,sz.000813,德展健康,8.66594696,8.67555444,8.73319932,8.646732,4208584,38110286.58,0.389478,-0.110622,1080570404.0,9374547366.154795,2026-07-14
2019-02-13,sz.000813,德展健康,8.67555444,8.6947694,8.72359184,8.5986946,3469279,31312268.91,0.32106,0.221489,1080570298.0,9395309561.599281,2026-07-14
2019-02-14,sz.000813,德展健康,8.68516192,8.66594696,8.68516192,8.56987216,3201699,28764136.17,0.296297,-0.331489,1080570846.0,9364169637.958328,2026-07-14
2019-02-15,sz.000813,德展健康,8.63712452,8.646732,8.68516192,8.57947964,4527361,40727073.78,0.418979,-0.221735,1080569909.0,9343398410.387388,2026-07-14
2019-02-18,sz.000813,德展健康,8.5986946,8.70437688,8.72359184,8.57947964,4744898,42742478.27,0.43911,0.666671,1080571611.0,9405702547.972754,2026-07-14
2019-02-19,sz.000813,德展健康,8.70437688,8.5986946,8.70437688,8.48340484,6726386,60098472.76,0.622485,-1.214135,1080569974.0,9291491200.35594,2026-07-14
2019-02-20,sz.000813,德展健康,8.56987216,8.44497492,8.57947964,8.32968516,4718123,41426765.6,0.436633,-1.787708,1080569494.0,9125382276.14709,2026-07-14
2019-02-21,sz.000813,德展健康,8.44497492,8.5506572,9.10789104,7.59951668,29225033,245558674.6,2.704593,1.251418,1080570459.0,9239587575.355654,2026-07-14
2019-02-22,sz.000813,德展健康,7.95499344,8.12792808,8.54104972,7.95499344,17174761,145522368.32,1.589416,-4.943816,1080570537.0,8782799610.10298,2026-07-14
2019-02-25,sz.000813,德展健康,8.20478792,8.18557296,8.28164776,8.08949816,23419348,199074125.87,2.167314,0.709225,1080570144.0,8845085752.109707,2026-07-14
2019-02-26,sz.000813,德展健康,8.166358,8.10871312,8.32007768,8.09910564,17776443,151263916.57,1.645098,-0.938977,1080570458.0,8762035849.869009,2026-07-14
2019-02-27,sz.000813,德展健康,8.1183206,8.0222458,8.17596548,7.98381588,10372400,86916504.3,0.9599,-1.066341,1080570893.0,8668605307.9715,2026-07-14
2019-02-28,sz.000813,德展健康,8.0222458,8.12792808,8.14714304,8.0222458,7753872,65315988.99,0.717572,1.317361,1080570591.0,8782800049.011095,2026-07-14
2019-03-01,sz.000813,德展健康,8.166358,8.13753556,8.19518044,8.0702832,7563374,64070814.96,0.699943,0.118206,1080569989.0,8793176710.556309,2026-07-14
2019-03-04,sz.000813,德展健康,8.13753556,8.2143954,8.27204028,8.12792808,11249136,96039457.36,1.041037,0.944509,1080570239.0,8876231200.618502,2026-07-14
2019-03-05,sz.000813,德展健康,8.2143954,8.89652648,8.9349564,8.18557296,20913100,186834625.41,1.935376,8.304093,1080570390.0,9613323088.138927,2026-07-14
2019-03-06,sz.000813,德展健康,8.90613396,9.367293,9.58826504,8.66594696,22615799,215105321.03,2.09295,5.291574,1080570439.0,10122019909.251627,2026-07-14
2019-03-07,sz.000813,德展健康,9.367293,10.09746148,10.30882604,9.0790686,30495690,311022989.36,2.822184,7.794874,1080570579.0,10911019797.873796,2026-07-14
2019-03-08,sz.000813,德展健康,9.97256424,10.6162654,11.0966394,9.60748,53912352,602431592.87,4.989249,5.137963,1080570483.0,11471623030.934187,2026-07-14
2019-03-11,sz.000813,德展健康,11.68269568,11.54819096,11.68269568,10.46254572,76066278,893174567.25,7.039456,8.778283,1080570402.0,12478633348.019966,2026-07-14
2019-03-12,sz.000813,德展健康,11.17349924,11.10624688,11.88445276,10.6643028,50785773,591200359.56,4.699904,-3.826955,1080570433.0,12001082000.1265,2026-07-14
2019-03-13,sz.000813,德展健康,11.02938704,10.99095712,11.55779844,10.57783548,39478136,458183474.56,3.653453,-1.038069,1080570518.0,11876504228.474188,2026-07-14
2019-03-14,sz.000813,德展健康,10.74116264,9.9917792,10.74116264,9.8957044,34691895,365453567.46,3.210517,-9.090909,1080570357.0,10796820417.209175,2026-07-14
2019-03-15,sz.000813,德展健康,10.07824652,10.087854,10.2800036,9.72276976,22025028,229280898.57,2.038278,0.961542,1080570364.0,10900636068.758856,2026-07-14
2019-03-18,sz.000813,德展健康,11.048602,10.50097564,11.048602,10.39529336,29276933,323875363.71,2.709396,4.095241,1080570467.0,11347044151.270424,2026-07-14
2019-03-19,sz.000813,德展健康,10.3760784,11.18310672,11.41368624,10.30882604,40794810,466332518.51,3.775303,6.495883,1080570487.0,12084135074.603373,2026-07-14
2019-03-20,sz.000813,德展健康,11.05820948,11.7211256,12.08620984,10.96213468,57527062,694084733.57,5.323768,4.810992,1080570416.0,12665501565.58025,2026-07-14
2019-03-21,sz.000813,德展健康,11.9613126,12.489724,12.89323816,11.769163,74488903,979197473.98,6.89348,6.557379,1080570380.0,13496025808.775122,2026-07-14
2019-03-22,sz.000813,德展健康,12.0573874,12.249537,13.04695784,11.64426576,66952279,850405530.48,6.196013,-1.923077,1080570344.0,13236486409.930729,2026-07-14
2019-03-25,sz.000813,德展健康,11.74034056,11.99974252,13.0181354,11.6250508,62062910,799187460.85,5.743532,-2.039217,1080570457.0,12966567258.71873,2026-07-14
2019-03-26,sz.000813,德展健康,11.99013504,11.30800396,12.4416866,11.25035908,44046503,538102862.25,4.076227,-5.764606,1080570415.0,12219094531.878843,2026-07-14
2019-03-27,sz.000813,德展健康,11.50976104,12.4416866,12.4416866,11.31761144,49625376,615474598.6,4.592517,10.02548,1080570328.0,13444117370.235205,2026-07-14
2019-03-28,sz.000813,德展健康,13.04695784,13.690659,13.690659,12.50893896,122978081,1728253559.97,11.380849,10.03861,1080570360.0,14793720324.26724,2026-07-14
2019-03-29,sz.000813,德展健康,13.72908892,13.66183656,14.59376212,12.7779484,106323238,1501434282.75,9.839548,-0.210524,1080570347.0,14762575472.296486,2026-07-14
2019-04-01,sz.000813,德展健康,13.27753736,13.41204208,13.95006096,12.8740232,88243223,1236216569.76,8.166356,-1.828412,1080570367.0,14492655232.605043,2026-07-14
2019-04-02,sz.000813,德展健康,12.91245312,12.8740232,13.85398616,12.73951848,82454916,1141978717.47,7.630684,-4.011465,1080570444.0,13911288965.2903,2026-07-14
2019-04-03,sz.000813,德展健康,12.54736888,12.50893896,12.72030352,12.22071456,51217524,663354897.67,4.73986,-2.835815,1080570397.0,13516789138.055967,2026-07-14
2019-04-04,sz.000813,德展健康,12.489724,12.75873344,13.0661728,12.42247164,49107367,654660888.26,4.544578,1.996922,1080570451.0,13786710347.449581,2026-07-14
2019-04-08,sz.000813,德展健康,12.7779484,13.63301412,14.00770584,12.49933148,73114067,1009124224.67,6.766248,6.852408,1080570310.0,14731430293.882778,2026-07-14
2019-04-09,sz.000813,德展健康,14.41122,13.65222908,14.891594,13.62340664,81438365,1203801091.92,7.536609,0.140948,1080570386.0,14752194446.736025,2026-07-14
2019-04-10,sz.000813,德展健康,13.0661728,13.03735036,13.8828086,12.97970548,61361965,853523335.13,5.678664,-4.503873,1080570448.0,14087775519.238161,2026-07-14
2019-04-11,sz.000813,德展健康,12.81637832,12.43207912,13.22949996,12.3936492,40684009,541107080.29,3.765049,-4.642595,1080570505.0,13433738012.898355,2026-07-14
2019-04-12,sz.000813,德展健康,12.45129408,11.89406024,12.67226612,11.60583584,38305982,479943293.51,3.544978,-4.327662,1080570373.0,12852369110.021269,2026-07-14
2019-04-15,sz.000813,德展健康,12.03817244,11.89406024,12.36482676,11.8172004,25336835,317489391.61,2.344765,0.0,1080570334.0,12852368646.15292,2026-07-14
2019-04-16,sz.000813,德展健康,11.89406024,12.13424724,12.28796692,11.71151812,28165716,352731687.48,2.60656,2.019386,1080570407.0,13111908478.765427,2026-07-14
2019-04-17,sz.000813,德展健康,12.11503228,12.47050904,12.57619132,11.82680788,40036614,504895552.08,3.705137,2.771175,1080570408.0,13475263041.320488,2026-07-14
2019-04-18,sz.000813,德展健康,12.23032204,11.66348072,12.42247164,11.60583584,30370134,382586576.52,2.810565,-6.471488,1080570419.0,12603212248.608822,2026-07-14
2019-04-19,sz.000813,德展健康,11.64426576,11.78837796,12.0573874,11.54819096,18992421,233107620.83,1.757629,1.070841,1080570530.0,12738173820.077518,2026-07-14
2019-04-22,sz.000813,德展健康,11.71151812,11.23114412,11.7211256,11.1446768,28722890,338597521.91,2.658123,-4.726983,1080570387.0,12136041748.201174,2026-07-14
2019-04-23,sz.000813,德展健康,11.29839648,11.01017208,11.34643388,10.93331224,18865284,218697397.76,1.745864,-1.96749,1080570079.0,11897262514.289194,2026-07-14
2019-04-24,sz.000813,德展健康,11.048602,11.16389176,11.27918152,10.78920004,19258893,221942201.58,1.78229,1.396159,1080570109.0,12063367735.967402,2026-07-14
2019-04-25,sz.000813,德展健康,11.10624688,10.75077012,11.3848638,10.54901304,21180840,241756385.64,1.960154,-3.700519,1080570200.0,11616961818.722424,2026-07-14
2019-04-26,sz.000813,德展健康,10.79880752,10.69312524,10.9044898,10.60665792,13917445,155998610.16,1.287972,-0.536188,1080570463.0,11554675291.503786,2026-07-14
2019-04-29,sz.000813,德展健康,10.43372328,9.62669496,10.63548036,9.62669496,30525408,312744009.77,2.824935,-9.973042,1080570279.0,10402320458.775093,2026-07-14
2019-04-30,sz.000813,德展健康,9.60748,9.66512488,9.95334928,9.47297528,17097465,172490759.3,1.582263,0.399201,1080570360.0,10443847471.026558,2026-07-14
2019-05-06,sz.000813,德展健康,9.10789104,8.6947694,9.30964812,8.6947694,23021043,214112258.41,2.130453,-10.03976,1080570329.0,9395309831.137133,2026-07-14
2019-05-07,sz.000813,德展健康,8.7908442,8.85809656,9.127106,8.70437688,18310650,169426557.74,1.694536,1.878454,1080570138.0,9571794622.256525,2026-07-14
2019-05-08,sz.000813,德展健康,8.87731152,9.74198472,9.74198472,8.86770404,41299990,407749232.62,3.822055,9.978309,1080570269.0,10526899049.48429,2026-07-14
2019-05-09,sz.000813,德展健康,9.49219024,9.06946112,9.69394732,8.886919,32077140,310300929.13,2.968538,-6.90336,1080570301.0,9800190332.346197,2026-07-14
2019-05-10,sz.000813,德展健康,9.21357332,9.38650796,9.54983512,8.90613396,26086692,253193680.23,2.414159,3.495772,1080570584.0,10142784388.057848,2026-07-14
2019-05-13,sz.000813,德展健康,9.2712182,9.2231808,9.54983512,9.14632096,16294632,158520915.73,1.507966,-1.740021,1080570252.0,9966294801.297562,2026-07-14
2019-05-14,sz.000813,德展健康,9.09828356,9.127106,9.30964812,9.04063868,14971974,143042572.76,1.385562,-1.041671,1080570483.0,9862481338.812197,2026-07-14
2019-05-15,sz.000813,德展健康,9.2712182,9.4153304,9.54983512,9.18475088,18089250,175639324.14,1.674046,3.157897,1080570665.0,10173929831.522717,2026-07-14
2019-05-16,sz.000813,德展健康,9.39611544,9.25200324,9.4153304,9.19435836,14707711,142052374.79,1.361106,-1.734695,1080570580.0,9997442507.20868,2026-07-14
2019-05-17,sz.000813,德展健康,9.30004064,8.5506572,9.30964812,8.43536744,22333267,205276173.12,2.066804,-7.580483,1080570146.0,9239584898.99995,2026-07-14
2019-05-20,sz.000813,德展健康,8.6947694,8.65633948,8.75241428,8.3585076,18132131,162035654.32,1.678015,1.235962,1080570257.0,9353782976.582846,2026-07-14
2019-05-21,sz.000813,德展健康,8.73319932,8.52183476,8.86770404,8.37772256,24250551,217332525.72,2.244236,-1.553833,1080570448.0,9208442804.395174,2026-07-14
2019-05-22,sz.000813,德展健康,8.5506572,8.32007768,8.61790956,8.28164776,16541657,145332767.45,1.530826,-2.367532,1080570685.0,8990432037.93081,2026-07-14
2019-05-23,sz.000813,德展健康,8.39693752,8.13753556,8.41615248,8.0702832,15153338,130084958.83,1.402346,-2.19399,1080570558.0,8793181340.814043,2026-07-14
2019-05-24,sz.000813,德展健康,8.23361036,8.07989068,8.27204028,8.04146076,11906365,100963493.61,1.101859,-0.708387,1080570654.0,8730892756.336105,2026-07-14
2019-05-27,sz.000813,德展健康,8.1183206,8.18557296,8.24321784,7.86852612,15759384,132340708.64,1.458432,1.307974,1080570366.0,8845087569.306904,2026-07-14
2019-05-28,sz.000813,德展健康,8.23361036,8.09910564,8.38733004,8.07989068,18479052,157817330.58,1.71012,-1.05634,1080570486.0,8751654517.580141,2026-07-14
2019-05-29,sz.000813,德展健康,8.15675052,7.99342336,8.166358,7.94538596,11940697,100008366.56,1.105036,-1.304871,1080570859.0,8637460346.465866,2026-07-14
2019-05-30,sz.000813,德展健康,8.00303084,7.79166628,8.00303084,7.66676904,16096923,130031280.12,1.489669,-2.524039,1080570449.0,8419444330.63776,2026-07-14
2019-05-31,sz.000813,德展健康,7.96460092,7.72441392,8.0222458,7.71480644,13301887,109023363.55,1.231006,-0.863128,1080570444.0,8346773379.17418,2026-07-14
2019-06-03,sz.000813,德展健康,7.72441392,7.5418718,7.77245132,7.31129228,15287354,120285984.97,1.414749,-2.363185,1080570052.0,8149520803.103333,2026-07-14
2019-06-04,sz.000813,德展健康,7.58030172,7.445797,7.66676904,7.2536474,12381873,96076952.5,1.145865,-1.273884,1080569962.0,8045704581.349713,2026-07-14
2019-06-05,sz.000813,德展健康,7.47461944,7.28246984,7.52265684,7.27286236,10766267,82764281.08,0.99635,-2.193549,1080570783.0,7869224137.182685,2026-07-14
2019-06-06,sz.000813,德展健康,7.27286236,7.00385292,7.37854464,6.95581552,11462612,84590086.51,1.060793,-3.825857,1080570102.0,7568154064.157398,2026-07-14
2019-06-10,sz.000813,德展健康,7.03267536,7.05189032,7.1575726,6.93660056,10667623,78308744.49,0.987221,0.685874,1080570916.0,7620067582.613934,2026-07-14
2019-06-11,sz.000813,德展健康,7.09992772,7.445797,7.52265684,7.0614978,14427940,110308777.85,1.335215,5.585829,1080570545.0,8045708922.249365,2026-07-14
2019-06-12,sz.000813,德展健康,7.50344188,7.28246984,7.51304936,7.2536474,11045215,84344845.69,1.022165,-2.193549,1080570652.0,7869223183.179135,2026-07-14
2019-06-13,sz.000813,德展健康,7.34011472,7.35932968,7.445797,7.23443244,9434731,72198122.9,0.873125,1.055408,1080570480.0,7952274404.795847,2026-07-14
2019-06-14,sz.000813,德展健康,7.3977596,7.09032024,7.43618952,7.07110528,10397794,78351721.86,0.962251,-3.655349,1080569831.0,7661586143.472679,2026-07-14
2019-06-17,sz.000813,德展健康,7.12875016,7.20561,7.29207732,7.12875016,7434452,55860708.36,0.688012,1.626015,1080570106.0,7786166761.49466,2026-07-14
2019-06-18,sz.000813,德展健康,7.24403992,7.17678756,7.27286236,7.11914268,5812464,43598672.8,0.537907,-0.400003,1080570433.0,7755024441.258214,2026-07-14
2019-06-19,sz.000813,德展健康,7.28246984,7.33050724,7.45540448,7.28246984,11192720,85822319.9,1.035816,2.141905,1080570294.0,7921128363.495929,2026-07-14
2019-06-20,sz.000813,德展健康,7.3977596,7.47461944,7.55147928,7.26325488,14611096,113074954.44,1.352165,1.965925,1080570493.0,8076853213.268184,2026-07-14
2019-06-21,sz.000813,德展健康,7.48422692,7.57069424,7.67637652,7.48422692,14234727,112377388.1,1.317335,1.285346,1080570014.0,8180665180.906519,2026-07-14
2019-06-24,sz.000813,德展健康,7.6379466,7.445797,7.64755408,7.38815212,9926126,77118214.86,0.918601,-1.649748,1080569910.0,8045704194.16827,2026-07-14
2019-06-25,sz.000813,德展健康,7.47461944,7.32089976,7.4938344,7.18639504,10217729,77754670.41,0.945587,-1.677421,1080569953.0,7910744309.580911,2026-07-14
2019-06-26,sz.000813,德展健康,7.3016848,7.52265684,7.64755408,7.2536474,18240966,142595767.71,1.688087,2.755906,1080570255.0,8128759219.876294,2026-07-14
2019-06-27,sz.000813,德展健康,7.57069424,7.53226432,7.65716156,7.47461944,11948591,94180781.45,1.105767,0.127717,1080570409.0,8139141936.958508,2026-07-14
2019-06-28,sz.000813,德展健康,7.58030172,7.32089976,7.58030172,7.26325488,9775003,75042741.51,0.904615,-2.806126,1080570519.0,7910748453.2101755,2026-07-14
2019-07-01,sz.000813,德展健康,7.50344188,7.55147928,7.59951668,7.445797,12088561,94886300.97,1.11872,3.14961,1080570742.0,8159907568.787226,2026-07-14
2019-07-02,sz.000813,德展健康,7.59951668,7.48422692,7.61873164,7.47461944,8537431,66701915.56,0.790086,-0.890587,1080569837.0,8087229863.015412,2026-07-14
2019-07-03,sz.000813,德展健康,7.51304936,7.33050724,7.5418718,7.31129228,7582140,58286701.16,0.701679,-2.053913,1080571030.0,7921133758.749257,2026-07-14
2019-07-04,sz.000813,德展健康,7.34011472,7.27286236,7.43618952,7.22482496,8289752,63313588.94,0.767164,-0.786369,1080571038.0,7858844429.57633,2026-07-14
2019-07-05,sz.000813,德展健康,7.29207732,7.3016848,7.32089976,7.21521748,5468745,41379408.49,0.506098,0.396298,1080570364.0,7889984202.149267,2026-07-14
2019-07-08,sz.000813,德展健康,7.3016848,6.8213108,7.3016848,6.75405844,16057905,116019515.03,1.486058,-6.578948,1080570543.0,7370907515.127765,2026-07-14
2019-07-09,sz.000813,德展健康,6.8213108,6.87895568,6.90777812,6.73484348,8199195,58233440.79,0.758784,0.84507,1080570360.0,7433195615.561645,2026-07-14
2019-07-10,sz.000813,德展健康,6.88856316,6.7732734,6.94620804,6.74445096,7376576,52283267.54,0.682656,-1.536308,1080570009.0,7318996098.797461,2026-07-14
2019-07-11,sz.000813,德展健康,6.8213108,6.83091828,6.88856316,6.79248836,8058406,57365791.63,0.745755,0.851063,1080570160.0,7381286458.766524,2026-07-14
2019-07-12,sz.000813,德展健康,6.79248836,6.84052576,6.9173856,6.79248836,5379454,38460232.25,0.497835,0.140644,1080569667.0,7391664642.588122,2026-07-14
2019-07-15,sz.000813,德展健康,6.90777812,6.97503048,7.0134604,6.76366592,7963500,57343515.0,0.736972,1.966297,1080570225.0,7537010255.155458,2026-07-14
2019-07-16,sz.000813,德展健康,7.08071276,7.67637652,7.67637652,7.07110528,20381734,161212026.64,1.886201,10.05509,1080570628.0,8294866996.980854,2026-07-14
2019-07-17,sz.000813,德展健康,7.85891864,7.7340214,8.3104702,7.69559148,56424952,465743274.68,5.221775,0.750944,1080570342.0,8357154149.233318,2026-07-14
2019-07-18,sz.000813,德展健康,7.45540448,7.28246984,7.53226432,7.26325488,26433654,202994080.89,2.446269,-5.838512,1080570207.0,7869219942.480057,2026-07-14
2019-07-19,sz.000813,德展健康,7.3016848,7.16718008,7.36893716,7.1095352,17764206,133417655.7,1.643966,-1.583112,1080570158.0,7744640911.4600525,2026-07-14
2019-07-22,sz.000813,德展健康,7.14796512,6.80209584,7.1575726,6.74445096,15790106,112694593.14,1.461275,-5.093835,1080570461.0,7350143837.594982,2026-07-14
2019-07-23,sz.000813,德展健康,6.81170332,6.8693482,6.93660056,6.79248836,8858072,63399745.77,0.819759,0.988703,1080570265.0,7422813404.851274,2026-07-14
2019-07-24,sz.000813,德展健康,6.88856316,6.93660056,7.03267536,6.8693482,9220839,66715116.86,0.853331,0.979017,1080570025.0,7495482640.534214,2026-07-14
2019-07-25,sz.000813,德展健康,6.93660056,6.88856316,6.965423,6.8693482,7416947,53330053.23,0.686392,-0.692517,1080570141.0,7443575665.088606,2026-07-14
2019-07-26,sz.000813,德展健康,6.92699308,7.2536474,7.53226432,6.9173856,26430140,200017733.2,2.4459,5.2999,1080589558.0,7838215637.853849,2026-07-14
2019-07-29,sz.000813,德展健康,7.1575726,7.08071276,7.20561,7.02306788,14055276,103720513.52,1.300727,-2.38411,1080570788.0,7651211366.674855,2026-07-14
2019-07-30,sz.000813,德展健康,7.1095352,7.07110528,7.14796512,7.05189032,8922953,65884227.17,0.8258,-0.1357,1080522281.0,7640486806.336744,2026-07-14
2019-07-31,sz.000813,德展健康,7.0134604,7.22482496,7.36893716,6.93660056,15776683,117854012.95,1.46,2.1739,1080594726.0,7807107748.049161,2026-07-14
2019-08-01,sz.000813,德展健康,7.1575726,7.14796512,7.22482496,7.0614978,10417193,77324045.88,0.964,-1.0638,1080621680.0,7724246076.555802,2026-07-14
2019-08-02,sz.000813,德展健康,6.87895568,7.09992772,7.17678756,6.85974072,8918238,65384599.64,0.8253,-0.672,1080605598.0,7672221639.627377,2026-07-14
2019-08-05,sz.000813,德展健康,7.1095352,7.11914268,7.24403992,7.0614978,9076787,67477954.98,0.84,0.2706,1080569881.0,7692731158.549622,2026-07-14
2019-08-06,sz.000813,德展健康,7.00385292,6.97503048,7.0614978,6.79248836,11147206,80630231.97,1.0316,-2.0243,1080574447.0,7537039703.734144,2026-07-14
2019-08-07,sz.000813,德展健康,7.02306788,6.84052576,7.0614978,6.84052576,8981990,64906733.29,0.8312,-1.9284,1080605149.0,7391907358.123138,2026-07-14
2019-08-08,sz.000813,德展健康,6.85013324,6.84052576,6.93660056,6.83091828,5017601,35906383.66,0.4643,0.0,1080680810.0,7392424919.142666,2026-07-14
2019-08-09,sz.000813,德展健康,6.93660056,6.87895568,6.93660056,6.78288088,6239226,44543121.77,0.5774,0.5618,1080572567.0,7433210797.41683,2026-07-14
2019-08-12,sz.000813,德展健康,6.9173856,6.87895568,6.9173856,6.79248836,6021323,42881675.13,0.5572,0.0,1080639447.0,7433670861.972709,2026-07-14
2019-08-13,sz.000813,德展健康,6.8213108,6.8213108,6.89817064,6.79248836,4699854,33389447.36,0.4349,-0.838,1080674638.0,7371617579.475491,2026-07-14
2019-08-14,sz.000813,德展健康,6.88856316,6.89817064,6.98463796,6.84052576,9395448,67529004.24,0.8695,1.1268,1080557562.0,7453870449.01838,2026-07-14
2019-08-15,sz.000813,德展健康,6.74445096,6.97503048,7.03267536,6.74445096,6778044,48419547.58,0.6273,1.1142,1080510760.0,7536595484.967965,2026-07-14
2019-08-16,sz.000813,德展健康,6.92699308,6.89817064,6.98463796,6.85974072,6545461,47222433.13,0.6057,-1.1019,1080644048.0,7454467044.20435,2026-07-14
2019-08-19,sz.000813,德展健康,6.95581552,7.03267536,7.0614978,6.89817064,8327996,60556452.53,0.7707,1.9499,1080575581.0,7599337263.116384,2026-07-14
2019-08-20,sz.000813,德展健康,7.0614978,7.03267536,7.13835764,6.98463796,10575156,77619194.63,0.9787,0.0,1080530908.0,7599023092.410027,2026-07-14
2019-08-21,sz.000813,德展健康,6.98463796,7.1575726,7.17678756,6.97503048,12901775,95129606.4,1.194,1.776,1080550670.0,7734119868.503642,2026-07-14
2019-08-22,sz.000813,德展健康,7.17678756,7.14796512,7.26325488,7.11914268,11080824,82775801.38,1.0255,-0.1342,1080528913.0,7723582981.275515,2026-07-14
2019-08-23,sz.000813,德展健康,7.18639504,7.3497222,7.46501196,7.04228284,20976893,158375682.9,1.9413,2.8226,1080559058.0,7941808896.993688,2026-07-14
2019-08-26,sz.000813,德展健康,7.1095352,7.34011472,7.60912416,7.07110528,26485989,203700975.81,2.4511,-0.1307,1080575619.0,7931549007.095012,2026-07-14
2019-08-27,sz.000813,德展健康,7.38815212,7.51304936,7.57069424,7.32089976,29610940,230748250.6,2.7403,2.356,1080572930.0,8118397760.169825,2026-07-14
2019-08-28,sz.000813,德展健康,7.51304936,7.60912416,7.77245132,7.34011472,27760273,218040205.28,2.569,1.2788,1080586726.0,8222318563.7819,2026-07-14
2019-08-29,sz.000813,德展健康,7.55147928,7.41697456,7.65716156,7.3977596,17522740,136367094.2,1.6216,-2.5253,1080583374.0,8014659394.9169655,2026-07-14
2019-08-30,sz.000813,德展健康,7.43618952,7.11914268,7.47461944,7.09032024,14822500,112504949.44,1.3717,-4.0155,1080593424.0,7692898764.525737,2026-07-14
2019-09-02,sz.000813,德展健康,7.18639504,7.58030172,7.71480644,7.11914268,24339535,190354827.21,2.2525,6.4777,1080556493.0,8190944242.445067,2026-07-14
2019-09-03,sz.000813,德展健康,7.6379466,7.56108676,7.6379466,7.47461944,14889297,117010590.49,1.3779,-0.2535,1080578924.0,8170350995.391446,2026-07-14
2019-09-04,sz.000813,德展健康,7.53226432,7.61873164,7.685984,7.47461944,19611473,154594073.3,1.8149,0.7624,1080581465.0,8232660196.9930525,2026-07-14
2019-09-05,sz.000813,德展健康,7.62833912,7.6379466,7.74362888,7.60912416,18328743,146187991.63,1.6962,0.2522,1080576760.0,8253387590.081017,2026-07-14
2019-09-06,sz.000813,德展健康,7.72441392,7.7820588,7.84931116,7.61873164,20047487,160972175.15,1.8553,1.8868,1080552310.0,8408921612.895827,2026-07-14
2019-09-09,sz.000813,德展健康,7.96460092,7.80127376,8.1183206,7.79166628,24420393,200338205.94,2.26,0.2469,1080548363.0,8429653590.682855,2026-07-14
2019-09-10,sz.000813,德展健康,7.81088124,7.96460092,8.09910564,7.74362888,21820336,179802575.45,2.0193,2.0936,1080589115.0,8606461059.470985,2026-07-14
2019-09-11,sz.000813,德展健康,7.95499344,7.93577848,8.13753556,7.8781336,20357422,170180123.52,1.884,-0.3619,1080542569.0,8574946465.794115,2026-07-14
2019-09-12,sz.000813,德展健康,7.93577848,8.166358,8.2624328,7.8781336,26070899,220840110.76,2.4127,2.9056,1080569445.0,8824316931.73131,2026-07-14
2019-09-16,sz.000813,德展健康,8.166358,8.166358,8.3104702,8.07989068,16319717,139072541.24,1.5103,0.0,1080561279.0,8824250245.251883,2026-07-14
2019-09-17,sz.000813,德展健康,8.08949816,7.84931116,8.166358,7.79166628,17414152,144390592.46,1.6116,-3.8824,1080550509.0,8481577169.237381,2026-07-14
2019-09-18,sz.000813,德展健康,7.84931116,7.75323636,7.99342336,7.7340214,9803723,80012618.15,0.9073,-1.224,1080538190.0,8377667983.076589,2026-07-14
2019-09-19,sz.000813,德展健康,7.80127376,7.76284384,7.8300962,7.66676904,8500871,68588300.41,0.7867,0.1239,1080573408.0,8388322623.960608,2026-07-14
2019-09-20,sz.000813,德展健康,7.79166628,7.84931116,7.84931116,7.70519896,11514321,93217242.36,1.0656,1.1139,1080548142.0,8481558589.917865,2026-07-14
2019-09-23,sz.000813,德展健康,7.80127376,7.5899092,7.80127376,7.52265684,13651037,108209147.3,1.2633,-3.3048,1080585530.0,8201546055.533876,2026-07-14
2019-09-24,sz.000813,德展健康,7.65716156,7.65716156,7.8300962,7.48422692,15955211,127105282.69,1.4766,0.8861,1080537112.0,8273847238.159814,2026-07-14
2019-09-25,sz.000813,德展健康,7.5899092,7.57069424,7.65716156,7.31129228,16036864,123899134.66,1.4841,-1.1292,1080578398.0,8180728653.607027,2026-07-14
2019-09-26,sz.000813,德展健康,7.67637652,7.70519896,7.80127376,7.445797,18842350,149880191.26,1.7437,1.7767,1080595859.0,8326206088.947106,2026-07-14
2019-09-27,sz.000813,德展健康,7.75323636,7.67637652,7.86852612,7.445797,13381455,106048906.48,1.2384,-0.3741,1080543847.0,8294661415.941272,2026-07-14
2019-09-30,sz.000813,德展健康,7.685984,7.48422692,7.685984,7.3977596,9982523,77860665.28,0.9238,-2.5031,1080593527.0,8087407164.351147,2026-07-14
2019-10-08,sz.000813,德展健康,7.47461944,7.81088124,7.8300962,7.42658204,22671189,181692572.47,2.0981,4.3646,1080558076.0,8440110804.558894,2026-07-14
2019-10-09,sz.000813,德展健康,7.76284384,7.926171,7.98381588,7.7340214,24261127,198253427.03,2.2452,1.476,1080577543.0,8564842384.577853,2026-07-14
2019-10-10,sz.000813,德展健康,7.926171,7.9742084,8.08949816,7.85891864,23527287,194702751.18,2.1773,0.6061,1080571671.0,8616703695.690237,2026-07-14
2019-10-11,sz.000813,德展健康,8.00303084,7.98381588,8.1183206,7.95499344,25030150,209103847.01,2.3164,0.1205,1080562511.0,8627012134.654474,2026-07-14
2019-10-14,sz.000813,德展健康,7.926171,7.9742084,8.0222458,7.83970368,20982683,173360750.71,1.9418,-0.1203,1080578999.0,8616762130.689392,2026-07-14
2019-10-15,sz.000813,德展健康,8.0222458,8.25282532,8.2624328,7.90695604,28937526,243678024.86,2.678,3.494,1080564824.0,8917712739.408543,2026-07-14
2019-10-16,sz.000813,德展健康,8.30086272,8.8388816,8.84848908,8.22400288,51552283,460608879.32,4.7708,7.1013,1080579421.0,9551113561.615555,2026-07-14
2019-10-17,sz.000813,德展健康,8.8388816,8.78123672,9.10789104,8.646732,54179420,501584861.25,5.014,-0.6522,1080562824.0,9488677948.375698,2026-07-14
2019-10-18,sz.000813,德展健康,8.8388816,8.38733004,8.8388816,8.37772256,45775008,408835043.52,4.2362,-4.4858,1080567679.0,9063077754.329777,2026-07-14
2019-10-21,sz.000813,德展健康,8.38733004,8.53144224,8.5986946,8.01263832,28392142,248618222.18,2.6275,1.7182,1080576289.0,9218874195.517048,2026-07-14
2019-10-22,sz.000813,德展健康,8.49301232,8.44497492,8.7908442,8.2624328,31992659,283976568.95,2.9607,-1.0135,1080577532.0,9125450156.855497,2026-07-14
2019-10-23,sz.000813,德展健康,8.3585076,8.14714304,8.4545824,8.13753556,16598250,142747327.49,1.5361,-3.5267,1080544886.0,8803353747.382492,2026-07-14
2019-10-24,sz.000813,德展健康,8.23361036,8.03185328,8.24321784,7.96460092,13752988,115740337.56,1.2728,-1.4151,1080530170.0,8678659790.053457,2026-07-14
2019-10-25,sz.000813,德展健康,8.03185328,8.09910564,8.166358,7.96460092,9520050,79993700.0,0.881,0.8373,1080595914.0,8751860461.638355,2026-07-14
2019-10-28,sz.000813,德展健康,8.14714304,8.2624328,8.36811508,8.08949816,13997753,119275113.8,1.2954,2.0166,1080573800.0,8928168407.94064,2026-07-14
2019-10-29,sz.000813,德展健康,8.24321784,8.2143954,8.32007768,8.04146076,14921436,127701726.05,1.3809,-0.5814,1080558766.0,8876136956.860077,2026-07-14
2019-10-30,sz.000813,德展健康,8.17596548,8.0702832,8.24321784,8.06067572,7441967,63050174.13,0.6887,-1.7544,1080581821.0,8720601316.241707,2026-07-14
2019-10-31,sz.000813,德展健康,8.07989068,7.95499344,8.14714304,7.95499344,10751894,89976348.0,0.995,-1.4286,1080592362.0,8596105151.024105,2026-07-14
2019-11-01,sz.000813,德展健康,8.0222458,8.04146076,8.05106824,7.80127376,6877350,56923927.37,0.6365,1.087,1080494894.0,8688757291.48136,2026-07-14
2019-11-04,sz.000813,德展健康,8.06067572,7.89734856,8.0702832,7.8300962,14619830,121057908.13,1.353,-1.7921,1080549150.0,8533473273.761724,2026-07-14
2019-11-05,sz.000813,德展健康,7.90695604,8.08949816,8.12792808,7.76284384,15873931,132026487.11,1.469,2.4331,1080594350.0,8741466006.031395,2026-07-14
2019-11-06,sz.000813,德展健康,8.08949816,7.926171,8.2143954,7.926171,12189548,102631269.56,1.1281,-2.019,1080537896.0,8564528135.676216,2026-07-14
2019-11-07,sz.000813,德展健康,7.89734856,8.05106824,8.07989068,7.80127376,11951587,98653477.19,1.106,1.5758,1080613653.0,8700094261.37868,2026-07-14
2019-11-08,sz.000813,德展健康,8.05106824,7.99342336,8.10871312,7.98381588,6690700,55935051.6,0.6192,-0.716,1080539406.0,8637208929.320925,2026-07-14
2019-11-11,sz.000813,德展健康,8.05106824,7.81088124,8.05106824,7.76284384,7488422,61421715.39,0.693,-2.2836,1080580375.0,8440284979.399665,2026-07-14
2019-11-12,sz.000813,德展健康,7.90695604,7.74362888,7.94538596,7.52265684,12780633,101850056.09,1.1828,-0.861,1080540497.0,8367304598.578753,2026-07-14
2019-11-13,sz.000813,德展健康,7.685984,7.56108676,7.69559148,7.48422692,9231137,72843853.2,0.8543,-2.3573,1080549807.0,8170130839.228255,2026-07-14
2019-11-14,sz.000813,德展健康,7.4938344,7.77245132,7.8300962,7.4938344,13109434,105286143.66,1.2132,2.7954,1080566601.0,8398651304.290363,2026-07-14
2019-11-15,sz.000813,德展健康,7.77245132,7.76284384,7.85891864,7.685984,8423929,68332112.93,0.7796,-0.1236,1080545023.0,8388102275.638208,2026-07-14
2019-11-18,sz.000813,德展健康,7.65716156,6.98463796,7.8781336,6.98463796,39927781,301163144.68,3.6951,-10.0248,1080560228.0,7547321986.555055,2026-07-14
2019-11-19,sz.000813,德展健康,6.7732734,6.84052576,6.93660056,6.46583404,30369676,212800554.76,1.5079,-2.0633,2014037801.0,13777077459.354254,2026-07-14
2019-11-20,sz.000813,德展健康,6.78288088,6.61955372,6.87895568,6.57151632,16923766,118631552.62,0.8403,-3.2303,2014014757.0,13331878876.834246,2026-07-14
2019-11-21,sz.000813,德展健康,6.55230136,6.61955372,6.64837616,6.47544152,13783990,93792559.25,0.6844,0.0,2014025424.0,13331949487.613777,2026-07-14
2019-11-22,sz.000813,德展健康,6.60994624,6.39858168,6.6771986,6.36975924,14800577,100352141.07,0.7349,-3.3382,2013957953.0,12886474462.356102,2026-07-14
2019-11-25,sz.000813,德展健康,6.36975924,6.28329192,6.42740412,6.01428248,18449990,119592993.53,0.9161,-1.8018,2013971182.0,12654368854.97345,2026-07-14
2019-11-26,sz.000813,德展健康,6.2928994,6.11996476,6.33132932,6.01428248,19797731,126019866.15,0.983,-2.5994,2014011292.0,12325678133.28207,2026-07-14
2019-11-27,sz.000813,德展健康,6.09114232,5.97585256,6.11035728,5.92781516,13353200,83614730.5,0.663,-2.3548,2014057315.0,12035709561.829475,2026-07-14
2019-11-28,sz.000813,德展健康,5.98546004,5.85095532,6.004675,5.84134784,15243285,93508527.06,0.7569,-2.09,2013910028.0,11783297592.327948,2026-07-14
2019-11-29,sz.000813,德展健康,5.91820768,5.83174036,5.98546004,5.79331044,12484683,76129532.01,0.6199,-0.3284,2013983384.0,11745028184.842178,2026-07-14
2019-12-02,sz.000813,德展健康,5.82213288,5.82213288,5.85095532,5.73566556,15540381,93487253.38,0.7716,-0.1647,2014046267.0,11726044992.94196,2026-07-14
2019-12-03,sz.000813,德展健康,5.79331044,5.8125254,5.83174036,5.6684132,13206968,79207711.26,0.6558,-0.165,2013871302.0,11705678095.206072,2026-07-14
2019-12-04,sz.000813,德展健康,5.78370296,5.84134784,5.94703012,5.764488,17469219,106638913.69,0.8674,0.4959,2013974983.0,11764328416.761087,2026-07-14
2019-12-05,sz.000813,德展健康,5.83174036,5.87017028,5.91820768,5.83174036,11190083,68464754.81,0.5556,0.4934,2014053816.0,11822838853.003788,2026-07-14
2019-12-06,sz.000813,德展健康,5.8605628,5.91820768,5.91820768,5.8605628,11992538,73539880.63,0.5955,0.8183,2013860285.0,11918443405.13399,2026-07-14
2019-12-09,sz.000813,德展健康,5.92781516,5.94703012,6.01428248,5.9086002,13708808,85008421.91,0.6807,0.487,2013928015.0,11976890564.716812,2026-07-14
2019-12-10,sz.000813,德展健康,5.9566376,5.93742264,5.99506752,5.89899272,12146684,75214262.05,0.6031,-0.1616,2014041452.0,11958215315.003273,2026-07-14
2019-12-11,sz.000813,德展健康,5.91820768,5.93742264,6.004675,5.83174036,32079396,197956942.26,1.5928,0.0,2014025364.0,11958119793.74784,2026-07-14
2019-12-12,sz.000813,德展健康,5.92781516,5.8125254,5.92781516,5.80291792,10789739,65925957.46,0.5357,-2.1036,2014138324.0,11707230167.36343,2026-07-14
2019-12-13,sz.000813,德展健康,6.1007498,5.8605628,6.1007498,5.8125254,14440422,88252268.19,0.717,0.8264,2014005858.0,11803207810.376883,2026-07-14
2019-12-16,sz.000813,德展健康,5.8605628,5.79331044,5.8605628,5.74527304,15880398,95754455.52,0.7885,-1.1475,2014001015.0,11667733106.370096,2026-07-14
2019-12-17,sz.000813,德展健康,5.83174036,5.91820768,6.004675,5.8125254,29107829,179039163.12,1.4453,2.1559,2013964506.0,11919060206.656607,2026-07-14
2019-12-18,sz.000813,德展健康,5.9566376,5.97585256,6.04310492,5.91820768,23093359,144030197.97,1.1466,0.974,2014072824.0,12035802241.32683,2026-07-14
2019-12-19,sz.000813,德展健康,6.01428248,6.21603956,6.42740412,5.9566376,34698884,222143196.01,1.7229,4.0193,2013981311.0,12518987502.276663,2026-07-14
2019-12-20,sz.000813,德展健康,6.16800216,5.98546004,6.26407696,5.97585256,29229350,184881775.04,1.4513,-3.7094,2014011576.0,12054785808.245424,2026-07-14
2019-12-23,sz.000813,德展健康,5.98546004,5.94703012,6.08153484,5.83174036,26295000,163706101.89,1.3056,-0.6421,2014016544.0,11977417049.346306,2026-07-14
2019-12-24,sz.000813,德展健康,5.9566376,6.01428248,6.07192736,5.88938524,16398619,102401911.2,0.8142,1.1309,2014077499.0,12113231015.597918,2026-07-14
2019-12-25,sz.000813,德展健康,6.01428248,6.1968246,6.1968246,5.94703012,51777058,329007745.01,2.5709,3.0351,2013966238.0,12480195527.207855,2026-07-14
2019-12-26,sz.000813,德展健康,6.1968246,6.12957224,6.26407696,6.1007498,17914473,114585811.41,0.8895,-1.0853,2013993592.0,12344919213.061087,2026-07-14
2019-12-27,sz.000813,德展健康,6.1487872,6.02388996,6.1487872,5.98546004,16326150,103031714.59,0.8106,-1.7241,2014082161.0,12132609308.263004,2026-07-14
2019-12-30,sz.000813,德展健康,6.004675,6.004675,6.03349744,5.9086002,11882434,73909402.6,0.59,-0.319,2013971864.0,12093246502.4642,2026-07-14
2019-12-31,sz.000813,德展健康,5.98546004,6.04310492,6.08153484,5.96624508,13817864,86644386.32,0.6861,0.64,2013972307.0,12170645957.175451,2026-07-14
2020-01-02,sz.000813,德展健康,6.06231988,6.09114232,6.11035728,6.02388996,17493157,110713065.38,0.8686,0.7949,2013948538.0,12267247170.11393,2026-07-14
2020-01-03,sz.000813,德展健康,6.11996476,6.06231988,6.1487872,6.03349744,14168729,89664074.61,0.7035,-0.4732,2014033973.0,12209718193.513285,2026-07-14
2020-01-06,sz.000813,德展健康,5.96624508,6.004675,6.0527124,5.87017028,20774232,129327084.42,1.0315,-0.9509,2013982744.0,12093311833.3282,2026-07-14
2020-01-07,sz.000813,德展健康,5.98546004,6.09114232,6.12957224,5.97585256,23614056,149214468.92,1.1725,1.44,2013991983.0,12267511799.79202,2026-07-14
2020-01-08,sz.000813,德展健康,6.11996476,5.98546004,6.16800216,5.96624508,25898131,163822866.96,1.1554,-1.735,2241486152.0,13416325793.009367,2026-07-14
2020-01-09,sz.000813,德展健康,6.03349744,6.01428248,6.09114232,5.97585256,21217970,132866274.4,0.9466,0.4815,2241492711.0,13480970340.815004,2026-07-14
2020-01-10,sz.000813,德展健康,6.04310492,5.93742264,6.04310492,5.9086002,21393111,132689162.08,0.9544,-1.278,2241524623.0,13308879044.717665,2026-07-14
2020-01-13,sz.000813,德展健康,5.92781516,5.85095532,5.93742264,5.80291792,19127222,116546814.43,0.8533,-1.4563,2241558889.0,13115260906.68784,2026-07-14
2020-01-14,sz.000813,德展健康,5.87017028,5.85095532,5.91820768,5.83174036,15107893,92296989.93,0.674,0.0,2241527151.0,13115075209.067892,2026-07-14
2020-01-15,sz.000813,德展健康,5.84134784,5.79331044,5.87017028,5.78370296,13792561,83509934.13,0.6153,-0.9852,2241599382.0,12986281102.038149,2026-07-14
2020-01-16,sz.000813,德展健康,5.80291792,5.78370296,5.85095532,5.78370296,11985217,72469728.53,0.5347,-0.1658,2241484384.0,12964079866.534576,2026-07-14
2020-01-17,sz.000813,德展健康,5.8125254,5.7164506,5.8125254,5.7164506,13613641,81557669.41,0.6074,-1.1628,2241297498.0,12812266427.220598,2026-07-14
2020-01-20,sz.000813,德展健康,5.7164506,5.87017028,5.87977776,5.7164506,14101877,85383639.14,0.6291,2.6891,2241595454.0,13158547013.853907,2026-07-14
2020-01-21,sz.000813,德展健康,5.87017028,6.11035728,6.13917972,5.87017028,43844289,275060074.07,1.956,4.0917,2241528067.0,13696537342.517776,2026-07-14
2020-01-22,sz.000813,德展健康,6.17760964,5.97585256,6.18721712,5.9086002,25177731,157303702.59,1.1233,-2.2013,2241407549.0,13394321039.694975,2026-07-14
2020-01-23,sz.000813,德展健康,5.91820768,5.80291792,6.0527124,5.764488,19213648,118006260.83,0.8572,-2.8939,2241442837.0,13006908805.482939,2026-07-14
2020-02-03,sz.000813,德展健康,5.22646912,5.22646912,5.49547856,5.22646912,19606479,107596186.65,0.8747,-9.9338,2241508975.0,11715177440.040352,2026-07-14
2020-02-04,sz.000813,德展健康,4.91902976,5.30332896,5.4282262,4.91902976,36126162,196987563.73,1.6117,1.4706,2241494199.0,11887381099.228703,2026-07-14
2020-02-05,sz.000813,德展健康,5.51469352,5.78370296,5.83174036,5.32254392,48646890,279523006.64,2.1703,9.058,2241482284.0,12964067720.758362,2026-07-14
2020-02-06,sz.000813,德展健康,5.79331044,6.36015176,6.36015176,5.60116084,64909124,409246470.67,2.8958,9.9668,2241491954.0,14256228996.25894,2026-07-14
2020-02-07,sz.000813,德展健康,6.5330864,6.4370116,6.8693482,6.1487872,88289314,600374311.66,3.9389,1.2085,2241471324.0,14428376913.655357,2026-07-14
2020-02-10,sz.000813,德展健康,6.3409368,5.98546004,6.3409368,5.9086002,58910624,372508938.14,2.6282,-7.0149,2241481775.0,13416299594.650772,2026-07-14
2020-02-11,sz.000813,德展健康,5.84134784,5.79331044,5.91820768,5.68762816,29730661,179162473.78,1.3264,-3.2103,2241455142.0,12985445474.940283,2026-07-14
2020-02-12,sz.000813,德展健康,5.72605808,5.75488052,5.88938524,5.7164506,21109046,126763436.12,0.9417,-0.6634,2241589253.0,12900078325.931053,2026-07-14
2020-02-13,sz.000813,德展健康,5.77409548,5.53390848,5.79331044,5.48587108,28869971,168184090.57,1.288,-3.8397,2241457376.0,12404019980.604948,2026-07-14
2020-02-14,sz.000813,德展健康,5.51469352,5.45704864,5.60116084,5.39940376,15900631,91055905.37,0.7094,-1.3889,2241419650.0,12231536052.701777,2026-07-14
2020-02-17,sz.000813,德展健康,5.46665612,5.60116084,5.60116084,5.45704864,14694377,85081418.53,0.6556,2.6408,2241363179.0,12554235666.43271,2026-07-14
2020-02-18,sz.000813,德展健康,5.59155336,5.75488052,5.80291792,5.5723384,23646990,140580914.38,1.055,2.7444,2241420853.0,12899109204.051485,2026-07-14
2020-02-19,sz.000813,德展健康,5.75488052,5.64919824,5.75488052,5.59155336,17698609,104119941.25,0.7896,-1.8364,2241465172.0,12662481104.683697,2026-07-14
2020-02-20,sz.000813,德展健康,5.64919824,5.64919824,5.69723564,5.50508604,18728504,109125815.61,0.8355,0.0,2241592340.0,12663199501.92548,2026-07-14
2020-02-21,sz.000813,德展健康,5.6203758,5.61076832,5.63959076,5.56273092,16164861,94280385.39,0.7212,-0.6803,2241383943.0,12575886020.341085,2026-07-14
2020-02-24,sz.000813,德展健康,5.61076832,5.6684132,5.764488,5.59155336,19878037,117401470.67,0.8868,1.0274,2241546797.0,12706013452.53252,2026-07-14
2020-02-25,sz.000813,德展健康,5.60116084,5.6684132,5.77409548,5.54351596,24023972,141325553.19,1.0718,0.0,2241460347.0,12705523418.21138,2026-07-14
2020-02-26,sz.000813,德展健康,5.60116084,5.59155336,5.7164506,5.5723384,19149281,112330095.0,0.8543,-1.3559,2241517149.0,12533562745.98857,2026-07-14
2020-02-27,sz.000813,德展健康,5.5723384,5.56273092,5.6203758,5.524301,13554374,78754964.14,0.6047,-0.5155,2241503886.0,12468882973.952354,2026-07-14
2020-02-28,sz.000813,德展健康,5.4762636,5.31293644,5.55312344,5.284114,19050262,107139939.01,0.8499,-4.4905,2241470997.0,11908792939.16443,2026-07-14
2020-03-02,sz.000813,德展健康,5.31293644,5.45704864,5.48587108,5.31293644,10543038,59544889.84,0.4704,2.7125,2241292092.0,12230839962.491354,2026-07-14
2020-03-03,sz.000813,德展健康,5.51469352,5.5723384,5.70684312,5.4762636,20217718,117155356.04,0.902,2.1127,2241432151.0,12490018446.011898,2026-07-14
2020-03-04,sz.000813,德展健康,5.58194588,5.54351596,5.61076832,5.48587108,13604230,78373356.24,0.6069,-0.5172,2241593343.0,12426308472.750254,2026-07-14
2020-03-05,sz.000813,德展健康,5.60116084,5.59155336,5.6203758,5.53390848,19276002,111938506.97,0.86,0.8666,2241395581.0,12532882992.029701,2026-07-14
2020-03-06,sz.000813,德展健康,5.5723384,5.6684132,5.69723564,5.55312344,15971288,93908985.44,0.7125,1.3746,2241584281.0,12706225927.332909,2026-07-14
2020-03-09,sz.000813,德展健康,5.6203758,5.61076832,5.69723564,5.4762636,19209851,111420356.06,0.857,-1.0169,2241522870.0,12576665507.55148,2026-07-14
2020-03-10,sz.000813,德展健康,5.4762636,5.54351596,5.60116084,5.39940376,17560123,100487694.56,0.7834,-1.1986,2241527062.0,12425941042.968908,2026-07-14
2020-03-11,sz.000813,德展健康,5.54351596,5.49547856,5.58194588,5.48587108,13448853,77410013.93,0.6,-0.8666,2241475500.0,12317980553.01528,2026-07-14
2020-03-12,sz.000813,德展健康,5.43783368,5.35136636,5.4762636,5.32254392,12748529,71423246.05,0.5688,-2.6224,2241302567.0,11994031159.625446,2026-07-14
2020-03-13,sz.000813,德展健康,5.0919644,5.17843172,5.22646912,4.9958896,15610074,83600458.34,0.6964,-3.2316,2241538484.0,11607653987.146313,2026-07-14
2020-03-16,sz.000813,德展健康,5.25529156,5.1400018,5.40901124,5.08235692,20280804,111820560.91,0.9048,-0.7421,2241468170.0,11521150428.442707,2026-07-14
2020-03-17,sz.000813,德展健康,5.12078684,5.00549708,5.34175888,4.80374,16830806,87883246.19,0.7509,-2.6168,2241417765.0,11219410077.767626,2026-07-14
2020-03-18,sz.000813,德展健康,5.06314196,4.89020732,5.08235692,4.88059984,11582029,60224608.85,0.5167,-2.3033,2241538417.0,10961587574.874613,2026-07-14
2020-03-19,sz.000813,德展健康,4.93824472,4.86138488,4.96706716,4.77491756,10905024,55116179.94,0.4865,-0.5894,2241526002.0,10896920614.249651,2026-07-14
2020-03-20,sz.000813,德展健康,4.8998148,4.9958896,5.02471204,4.84216992,12471430,64188020.4,0.5564,2.7668,2241450395.0,11198038717.296392,2026-07-14
2020-03-23,sz.000813,德展健康,4.90942228,4.84216992,4.9478522,4.81334748,16181562,82170308.68,0.7219,-3.0769,2241524034.0,10853840252.391857,2026-07-14
2020-03-24,sz.000813,德展健康,4.9958896,5.08235692,5.25529156,4.97667464,21387839,113573744.47,0.9542,4.9603,2241441941.0,11391807959.619581,2026-07-14
2020-03-25,sz.000813,德展健康,5.15921676,5.19764668,5.22646912,5.06314196,19067983,102677067.68,0.8507,2.2684,2241446221.0,11650245508.979197,2026-07-14
2020-03-26,sz.000813,德展健康,5.14960928,5.0919644,5.25529156,5.0919644,12758400,68503585.45,0.5692,-2.0333,2241461701.0,11413443185.455444,2026-07-14
2020-03-27,sz.000813,德展健康,5.1400018,5.03431952,5.15921676,5.02471204,13434661,71099399.5,0.5994,-1.1321,2241351518.0,11283679698.249033,2026-07-14
2020-03-30,sz.000813,德展健康,4.96706716,4.93824472,5.01510456,4.87099236,9175319,47017030.47,0.4093,-1.9084,2241709993.0,11070112536.703487,2026-07-14
2020-03-31,sz.000813,德展健康,4.98628212,5.11117936,5.17843172,4.92863724,13737225,72050197.18,0.6129,3.502,2241348507.0,11455934227.545216,2026-07-14
2020-04-01,sz.000813,德展健康,5.11117936,5.00549708,5.12078684,4.98628212,9612365,50512507.95,0.4288,-2.0677,2241689599.0,11220770742.06087,2026-07-14
2020-04-02,sz.000813,德展健康,4.9958896,5.05353448,5.0919644,4.95745968,8196846,42964328.34,0.3657,0.9597,2241412633.0,11327056024.773085,2026-07-14
2020-04-03,sz.000813,德展健康,5.05353448,5.043927,5.13039432,5.02471204,8965894,47271187.44,0.4,-0.1901,2241473500.0,11305828706.4345,2026-07-14
2020-04-07,sz.000813,德展健康,5.08235692,5.14960928,5.16882424,5.07274944,14971152,79994715.38,0.6679,2.0952,2241525977.0,11542982972.520266,2026-07-14
2020-04-08,sz.000813,德展健康,5.1400018,5.45704864,5.48587108,5.10157188,32382036,179495711.86,1.4447,5.9701,2241436700.0,12231629095.381088,2026-07-14
2020-04-09,sz.000813,德展健康,5.51469352,5.48587108,5.53390848,5.38979628,23615112,134329033.3,1.0535,0.5282,2241586331.0,12297053626.556208,2026-07-14
2020-04-10,sz.000813,德展健康,5.51469352,5.30332896,5.51469352,5.30332896,17541161,98273435.1,0.7826,-3.3275,2241395477.0,11886857543.987114,2026-07-14
2020-04-13,sz.000813,德展健康,5.27450652,5.26489904,5.3801888,5.19764668,10299180,56861395.97,0.4595,-0.7246,2241388466.0,11800683982.910473,2026-07-14
2020-04-14,sz.000813,德展健康,5.29372148,5.524301,5.55312344,5.2360766,25078403,142047482.74,1.1188,4.927,2241544780.0,12382968069.69878,2026-07-14
2020-04-15,sz.000813,德展健康,5.49547856,5.524301,5.62998328,5.46665612,23666257,136760735.65,1.0558,0.0,2241547357.0,12382982305.822458,2026-07-14
2020-04-16,sz.000813,德展健康,5.45704864,5.48587108,5.5723384,5.44744116,14277909,81943154.32,0.637,-0.6957,2241429984.0,12296195927.070463,2026-07-14
2020-04-17,sz.000813,德展健康,5.51469352,5.39940376,5.51469352,5.3801888,16743599,94579493.76,0.747,-1.5762,2241445649.0,12102470065.04624,2026-07-14
2020-04-20,sz.000813,德展健康,5.39940376,5.44744116,5.55312344,5.35136636,12561351,71348441.47,0.5604,0.8897,2241497323.0,12210424777.340015,2026-07-14
2020-04-21,sz.000813,德展健康,5.44744116,5.43783368,5.5723384,5.36097384,14093884,79875874.94,0.6288,-0.1764,2241393766.0,12188326510.89684,2026-07-14
2020-04-22,sz.000813,德展健康,5.38979628,5.43783368,5.46665612,5.31293644,10870367,61113926.18,0.485,0.0,2241312784.0,12187886144.249765,2026-07-14
2020-04-23,sz.000813,德展健康,5.45704864,5.54351596,5.63959076,5.45704864,25961236,150719191.12,1.1582,1.9435,2241515800.0,12425878611.892168,2026-07-14
2020-04-24,sz.000813,德展健康,5.56273092,5.3801888,5.63959076,5.32254392,18006000,102155253.75,0.8033,-2.9463,2241503797.0,12059713623.776873,2026-07-14
2020-04-27,sz.000813,德展健康,5.40901124,5.31293644,5.40901124,5.284114,10464850,58279289.76,0.4669,-1.25,2241347184.0,11908135128.564983,2026-07-14
2020-04-28,sz.000813,德展健康,5.32254392,5.14960928,5.35136636,4.80374,12690174,67998139.8,0.5662,-3.0741,2241288237.0,11541758704.41004,2026-07-14
2020-04-29,sz.000813,德展健康,5.1880392,5.15921676,5.21686164,5.01510456,10274108,54516555.56,0.4584,0.1866,2241297557.0,11563339920.221455,2026-07-14
2020-04-30,sz.000813,德展健康,5.08235692,5.19764668,5.21686164,5.07274944,8082237,43433347.28,0.3606,0.7449,2241330283.0,11649642904.21841,2026-07-14
2020-05-06,sz.000813,德展健康,5.15921676,5.24568408,5.26489904,5.13039432,10071488,54496718.71,0.4493,0.9242,2241595371.0,11758701151.456394,2026-07-14
2020-05-07,sz.000813,德展健康,5.26489904,5.44744116,5.49547856,5.21686164,14016376,78486641.27,0.6253,3.8462,2241544219.0,12210680240.540655,2026-07-14
2020-05-08,sz.000813,德展健康,5.45704864,5.4762636,5.4762636,5.37058132,11797132,66639750.02,0.5263,0.5291,2241522326.0,12275167122.461134,2026-07-14
2020-05-11,sz.000813,德展健康,5.48587108,5.38979628,5.48587108,5.36097384,9041842,51008102.28,0.4034,-1.5789,2241408528.0,12080735346.174675,2026-07-14
2020-05-12,sz.000813,德展健康,5.40901124,5.4762636,5.4762636,5.2360766,9813139,54508123.83,0.4378,1.6043,2241466195.0,12274859734.309002,2026-07-14
2020-05-13,sz.000813,德展健康,5.39940376,5.44744116,5.44744116,5.36097384,7085467,39849287.66,0.3161,-0.5263,2241527048.0,12210586702.528496,2026-07-14
2020-05-14,sz.000813,德展健康,5.38979628,5.44744116,5.46665612,5.36097384,12430736,70226442.61,0.5546,0.0,2241387667.0,12209827432.732174,2026-07-14
2020-05-15,sz.000813,德展健康,5.45704864,5.39940376,5.45704864,5.38979628,5559343,31370159.36,0.248,-0.8818,2241670565.0,12103684477.342325,2026-07-14
2020-05-18,sz.000813,德展健康,5.4282262,5.284114,5.4282262,5.26489904,7936724,43879548.49,0.3541,-2.1352,2241379271.0,11843703585.200893,2026-07-14
2020-05-19,sz.000813,德展健康,5.31293644,5.2360766,5.35136636,5.22646912,6418812,35188710.27,0.2864,-0.9091,2241205307.0,11735122663.778515,2026-07-14
2020-05-20,sz.000813,德展健康,5.21686164,5.3321514,5.41861872,5.16882424,10346072,56847600.45,0.4616,1.8349,2241350087.0,11951218004.287172,2026-07-14
2020-05-21,sz.000813,德展健康,5.32254392,5.1880392,5.35136636,5.17843172,11034672,60750538.7,0.4923,-2.7027,2241452773.0,11628744851.272703,2026-07-14
2020-05-22,sz.000813,德展健康,5.20725416,5.1400018,5.2360766,5.11117936,5513050,29546326.0,0.246,-0.9259,2241077236.0,11519141026.979025,2026-07-14
2020-05-25,sz.000813,德展健康,5.14960928,5.16882424,5.21686164,5.13039432,4711155,25372541.78,0.2102,0.5608,2241272598.0,11584744132.990175,2026-07-14
2020-05-26,sz.000813,德展健康,5.20725416,5.22646912,5.2360766,5.14960928,4793718,25992819.94,0.2139,1.1152,2241102384.0,11713052404.734383,2026-07-14
2020-05-27,sz.000813,德展健康,5.1880392,5.00549708,5.19764668,4.9478522,15216409,79736052.39,0.6789,-4.2279,2241332891.0,11218985241.208458,2026-07-14
2020-05-28,sz.000813,德展健康,5.00549708,5.02471204,5.043927,4.95745968,4951373,25749375.94,0.2209,0.3839,2241454504.0,11262663433.361029,2026-07-14
2020-05-29,sz.000813,德展健康,5.03431952,5.00549708,5.05353448,4.96706716,5197013,27176238.12,0.2319,-0.3824,2241057784.0,11217608193.92327,2026-07-14
2020-06-01,sz.000813,德展健康,5.02471204,5.15921676,5.26489904,5.01510456,9298294,49771105.16,0.4148,3.071,2241633076.0,11565070935.469553,2026-07-14
2020-06-02,sz.000813,德展健康,5.16882424,5.19764668,5.25529156,5.13039432,8081224,43797535.83,0.3605,0.7449,2241671012.0,11651413893.17404,2026-07-14
2020-06-03,sz.000813,德展健康,5.20725416,5.30332896,5.3801888,5.20725416,14190188,78269529.02,0.6331,2.0333,2241381772.0,11886784861.863716,2026-07-14
2020-06-04,sz.000813,德展健康,5.30332896,5.36097384,5.44744116,5.284114,18473620,103244426.93,0.8242,1.087,2241400146.0,12016087547.67818,2026-07-14
2020-06-05,sz.000813,德展健康,5.39940376,5.25529156,5.39940376,5.2360766,15954397,88355340.29,0.7118,-1.9713,2241415707.0,11779293047.448532,2026-07-14
2020-06-08,sz.000813,德展健康,5.27450652,5.26489904,5.32254392,5.1880392,14338525,78433302.51,0.6397,0.1828,2241445209.0,11800982729.0767,2026-07-14
2020-06-09,sz.000813,德展健康,5.25529156,5.284114,5.32254392,5.19764668,10406675,57147190.22,0.4643,0.365,2241368727.0,11843647869.502878,2026-07-14
2020-06-10,sz.000813,德展健康,5.284114,5.36097384,5.41861872,5.25529156,12751382,71130903.92,0.5689,1.4545,2241410090.0,12016140857.202045,2026-07-14
2020-06-11,sz.000813,德展健康,5.37058132,5.56273092,5.58194588,5.34175888,30028391,171939326.73,1.3397,3.7634,2241426513.0,12468452568.772882,2026-07-14
2020-06-12,sz.000813,德展健康,5.5723384,5.87977776,5.9566376,5.54351596,48440944,292175320.49,2.1611,5.6995,2241494794.0,13179491238.91698,2026-07-14
2020-06-15,sz.000813,德展健康,5.9566376,6.22564704,6.32172184,5.94703012,56570614,361078067.19,2.5238,5.8824,2241485617.0,13954698296.678623,2026-07-14
2020-06-16,sz.000813,德展健康,6.244862,5.96624508,6.35054428,5.94703012,56619977,360545073.9,2.526,-4.1667,2241487609.0,13373264419.077213,2026-07-14
2020-06-17,sz.000813,德展健康,6.04310492,6.11035728,6.17760964,6.01428248,32278881,204592372.21,1.4401,2.4155,2241433303.0,13695958300.620495,2026-07-14
2020-06-18,sz.000813,德展健康,6.1007498,6.39858168,6.40818916,6.01428248,43773085,284273423.53,1.9529,4.717,2241440166.0,14342037982.983759,2026-07-14
2020-06-19,sz.000813,德展健康,6.485049,6.45622656,6.55230136,6.08153484,53642221,354256923.97,2.3932,0.9009,2241443298.0,14471265753.281595,2026-07-14
2020-06-22,sz.000813,德展健康,6.35054428,6.12957224,6.35054428,6.12957224,26241559,169296993.43,1.1707,-5.0595,2241527206.0,13739602937.102362,2026-07-14
2020-06-23,sz.000813,德展健康,6.16800216,6.11996476,6.18721712,6.01428248,32743776,208280633.61,1.4608,-0.1567,2241496166.0,13717877545.59511,2026-07-14
2020-06-24,sz.000813,德展健康,6.12957224,6.11996476,6.16800216,6.03349744,14266850,90652656.38,0.6365,0.0,2241453260.0,13717614962.387117,2026-07-14
2020-06-29,sz.000813,德展健康,6.08153484,5.9566376,6.1487872,5.92781516,16952476,106483337.58,0.7563,-2.6688,2241501521.0,13351812240.44579,2026-07-14
2020-06-30,sz.000813,德展健康,5.93742264,5.9566376,6.0527124,5.92781516,16397135,101926324.56,0.7315,0.0,2241576897.0,13352261227.961527,2026-07-14
2020-07-01,sz.000813,德展健康,5.97585256,5.83174036,5.99506752,5.764488,31612715,192671773.0,1.4103,-2.0968,2241559597.0,13072193571.170237,2026-07-14
2020-07-02,sz.000813,德展健康,5.80291792,6.11035728,6.22564704,5.764488,46468329,289934897.03,2.0731,4.7776,2241489991.0,13696304684.553984,2026-07-14
2020-07-03,sz.000813,德展健康,6.0527124,6.11996476,6.16800216,5.98546004,23851316,150526999.47,1.0641,0.1572,2241454375.0,13717621786.147825,2026-07-14
2020-07-06,sz.000813,德展健康,6.11996476,6.11996476,6.21603956,6.04310492,41266254,263842991.21,1.841,0.0,2241512982.0,13717980458.922514,2026-07-14
2020-07-07,sz.000813,德展健康,6.1487872,6.26407696,6.31211436,6.09114232,46598580,301638214.98,2.0789,2.3548,2241501756.0,14040939505.559141,2026-07-14
2020-07-08,sz.000813,德展健康,6.27368444,6.22564704,6.32172184,6.1487872,33493705,216702506.83,1.4943,-0.6135,2241431105.0,13954358924.20718,2026-07-14
2020-07-09,sz.000813,德展健康,6.18721712,6.28329192,6.36975924,6.16800216,51696885,337251043.27,2.3064,0.9259,2241453564.0,14083707067.736403,2026-07-14
2020-07-10,sz.000813,德展健康,6.27368444,6.39858168,6.51387144,6.23525452,57339062,379532614.39,2.5581,1.8349,2241470701.0,14342233363.675358,2026-07-14
2020-07-13,sz.000813,德展健康,6.4370116,6.63876868,6.69641356,6.3889742,48478521,331244539.33,2.1628,3.7538,2241470362.0,14880603236.393862,2026-07-14
2020-07-14,sz.000813,德展健康,6.64837616,6.93660056,7.02306788,6.59073128,67831408,485057800.24,3.0262,4.4863,2241471416.0,15548191879.449593,2026-07-14
2020-07-15,sz.000813,德展健康,6.99424544,6.92699308,7.02306788,6.55230136,64341050,456289242.36,2.8705,-0.1385,2241457934.0,15526563597.929096,2026-07-14
2020-07-16,sz.000813,德展健康,6.85974072,6.73484348,6.93660056,6.5330864,45829251,322342899.51,2.0446,-2.7739,2241477600.0,15096000799.926048,2026-07-14
2020-07-17,sz.000813,德展健康,6.64837616,6.68680608,6.8213108,6.57151632,21754163,151366826.52,0.9705,-0.7133,2241541783.0,14988755223.138441,2026-07-14
2020-07-20,sz.000813,德展健康,6.75405844,6.69641356,6.7732734,6.63876868,22508189,156951048.21,1.0042,0.1437,2241404999.0,15009374828.755386,2026-07-14
2020-07-21,sz.000813,德展健康,6.68680608,6.5811238,6.84052576,6.57151632,27015482,187726696.83,1.2053,-1.7217,2241390691.0,14750869621.638546,2026-07-14
2020-07-22,sz.000813,德展健康,6.59073128,6.59073128,6.73484348,6.45622656,24043439,165294791.8,1.0727,0.146,2241394519.0,14772428967.193853,2026-07-14
2020-07-23,sz.000813,德展健康,6.55230136,6.6291612,6.68680608,6.49465648,17336028,118796835.2,0.7734,0.5831,2241534523.0,14859493688.33211,2026-07-14
2020-07-24,sz.000813,德展健康,6.61955372,6.6291612,6.725236,6.46583404,25046890,172257623.55,1.1174,0.0,2241533023.0,14859483744.59031,2026-07-14
2020-07-27,sz.000813,德展健康,6.65798364,6.59073128,6.6771986,6.49465648,19442889,133312848.96,0.8674,-0.5797,2241513604.0,14773213824.428333,2026-07-14
2020-07-28,sz.000813,德展健康,6.6291612,6.70602104,6.9173856,6.5330864,42350120,296888434.51,1.8894,1.7493,2241458664.0,15031268961.074291,2026-07-14
2020-07-29,sz.000813,德展健康,6.68680608,6.73484348,6.7732734,6.63876868,25609296,178873101.27,1.1425,0.4298,2241513873.0,15096245092.903599,2026-07-14
2020-07-30,sz.000813,德展健康,6.69641356,6.725236,6.7732734,6.65798364,23511682,164094621.81,1.0489,-0.1427,2241556106.0,15074993820.091015,2026-07-14
2020-07-31,sz.000813,德展健康,6.68680608,6.68680608,6.79248836,6.66759112,23139958,161645586.44,1.0324,-0.5714,2241375242.0,14987641595.767073,2026-07-14
2020-08-03,sz.000813,德展健康,6.68680608,6.70602104,6.725236,6.61955372,27664279,192159685.96,1.2342,0.2874,2241474558.0,15031375546.5727,2026-07-14
2020-08-04,sz.000813,德展健康,6.69641356,6.45622656,6.70602104,6.44661908,32978314,225330652.53,1.4713,-3.7249,2241440495.0,14471247656.478548,2026-07-14
2020-08-05,sz.000813,德展健康,6.45622656,6.47544152,6.71562852,6.44661908,28453687,194140733.53,1.2694,0.2976,2241506775.0,14514746038.196299,2026-07-14
2020-08-06,sz.000813,德展健康,6.41779664,6.45622656,6.485049,6.25446948,28937063,191685374.61,1.291,-0.2967,2241445624.0,14471280770.464573,2026-07-14
2020-08-07,sz.000813,德展健康,6.40818916,6.44661908,6.49465648,6.26407696,19153231,127374502.57,0.8545,-0.1488,2241454769.0,14449805080.79239,2026-07-14
2020-08-10,sz.000813,德展健康,6.4370116,6.39858168,6.5330864,6.31211436,20840278,139427804.27,0.9298,-0.7452,2241372123.0,14341602604.290508,2026-07-14
2020-08-11,sz.000813,德展健康,6.4370116,6.5330864,6.64837616,6.41779664,29339448,199081143.9,1.3089,2.1021,2241534724.0,14644140020.492153,2026-07-14
2020-08-12,sz.000813,德展健康,6.47544152,6.44661908,6.60994624,6.33132932,16205055,108627940.93,0.723,-1.3235,2241363071.0,14449213938.715994,2026-07-14
2020-08-13,sz.000813,德展健康,6.45622656,6.244862,6.45622656,6.23525452,18821731,123797127.04,0.8397,-3.1297,2241482791.0,13997750705.169844,2026-07-14
2020-08-14,sz.000813,德展健康,6.244862,6.3409368,6.3889742,6.07192736,18674302,121308015.29,0.8331,1.5385,2241543872.0,14213488026.77929,2026-07-14
2020-08-17,sz.000813,德展健康,6.3409368,6.244862,6.3409368,6.23525452,16359622,106715210.18,0.7299,-1.5152,2241351144.0,13996928587.822128,2026-07-14
2020-08-18,sz.000813,德展健康,6.25446948,6.21603956,6.26407696,6.13917972,20034207,128754652.15,0.8938,-0.4615,2241464198.0,13933030127.091671,2026-07-14
2020-08-19,sz.000813,德展健康,6.17760964,6.06231988,6.1968246,5.96624508,24131040,152510637.28,1.0766,-2.473,2241411852.0,13588155629.647219,2026-07-14
2020-08-20,sz.000813,德展健康,6.01428248,6.0527124,6.06231988,5.78370296,24336875,150066155.18,1.0858,-0.1585,2241377325.0,13566412328.106329,2026-07-14
2020-08-21,sz.000813,德展健康,5.97585256,5.94703012,6.03349744,5.87017028,15725385,97554238.85,0.7016,-1.746,2241360462.0,13329438177.291115,2026-07-14
2020-08-24,sz.000813,德展健康,5.92781516,5.91820768,5.97585256,5.84134784,14088633,86704545.55,0.6285,-0.4847,2241628162.0,13266421004.052685,2026-07-14
2020-08-25,sz.000813,德展健康,5.94703012,5.99506752,6.08153484,5.92781516,12734685,79547584.79,0.5681,1.2987,2241627354.0,13438707341.908943,2026-07-14
2020-08-26,sz.000813,德展健康,5.98546004,5.89899272,6.06231988,5.87977776,13937961,86124777.93,0.6218,-1.6026,2241550499.0,13222890075.113367,2026-07-14
2020-08-27,sz.000813,德展健康,5.89899272,5.88938524,5.98546004,5.8125254,15615017,95257402.18,0.6966,-0.1629,2241604508.0,13201672503.332663,2026-07-14
2020-08-28,sz.000813,德展健康,5.84134784,5.8605628,5.87977776,5.79331044,15746947,95672918.64,0.7025,-0.4894,2241558292.0,13136793140.126738,2026-07-14
2020-08-31,sz.000813,德展健康,5.8605628,5.8605628,5.89899272,5.6684132,18850564,114773809.59,0.841,0.0,2241446373.0,13136137231.798725,2026-07-14
2020-09-01,sz.000813,德展健康,5.8605628,5.84134784,5.92781516,5.78370296,12090156,73502621.24,0.5394,-0.3279,2241408231.0,13092845128.710072,2026-07-14
2020-09-02,sz.000813,德展健康,5.84134784,5.83174036,5.87017028,5.78370296,16556981,100276488.32,0.7387,-0.1645,2241367402.0,13071072739.831745,2026-07-14
2020-09-03,sz.000813,德展健康,5.8125254,5.8605628,5.87977776,5.79331044,15904009,96713858.7,0.7095,0.4942,2241579845.0,13136919452.836767,2026-07-14
2020-09-04,sz.000813,德展健康,5.80291792,5.97585256,6.04310492,5.7164506,25666417,157823168.72,1.1451,1.9672,2241412715.0,13394351910.9493,2026-07-14
2020-09-07,sz.000813,德展健康,5.97585256,5.99506752,6.13917972,5.9566376,18619365,117053034.68,0.8307,0.3215,2241406645.0,13437384176.55167,2026-07-14
2020-09-08,sz.000813,德展健康,5.99506752,6.11996476,6.13917972,5.96624508,15710830,99149907.43,0.7009,2.0833,2241522328.0,13718037656.113161,2026-07-14
2020-09-09,sz.000813,德展健康,6.06231988,6.11996476,6.1968246,6.01428248,21158382,134491161.54,0.9439,0.0,2241591482.0,13718460876.156176,2026-07-14
2020-09-10,sz.000813,德展健康,6.15839468,6.11035728,6.2928994,6.04310492,22988008,147113360.05,1.0256,-0.157,2241420437.0,13695879684.763731,2026-07-14
2020-09-11,sz.000813,德展健康,6.07192736,6.11996476,6.18721712,5.97585256,15629511,98823096.25,0.6973,0.1572,2241432812.0,13717489821.347706,2026-07-14
2020-09-14,sz.000813,德展健康,6.11996476,6.07192736,6.16800216,6.01428248,17560850,111095622.0,0.7834,-0.7849,2241619862.0,13610952970.797224,2026-07-14
2020-09-15,sz.000813,德展健康,6.06231988,6.07192736,6.12957224,6.01428248,9964534,62934956.27,0.4446,0.0,2241235717.0,13608620470.261517,2026-07-14
2020-09-16,sz.000813,德展健康,6.11996476,6.08153484,6.11996476,6.0527124,17326238,109815347.78,0.773,0.1582,2241427943.0,13631322126.704033,2026-07-14
2020-09-17,sz.000813,德展健康,6.08153484,6.08153484,6.1007498,6.004675,11220000,70681123.28,0.5006,0.0,2241310427.0,13630607449.055777,2026-07-14
2020-09-18,sz.000813,德展健康,6.03349744,6.1007498,6.11996476,6.02388996,11742200,74252765.04,0.5239,0.316,2241305593.0,13673644648.233631,2026-07-14
2020-09-21,sz.000813,德展健康,6.07192736,6.1968246,6.1968246,6.03349744,19937200,126830288.0,0.8895,1.5748,2241394042.0,13889525737.759033,2026-07-14
2020-09-22,sz.000813,德展健康,6.13917972,6.25446948,6.31211436,6.11996476,21785842,141630636.78,0.9719,0.9302,2241572384.0,14019846062.93884,2026-07-14
2020-09-23,sz.000813,德展健康,6.25446948,6.17760964,6.3409368,6.17760964,16012558,103823393.44,0.7144,-1.2289,2241399496.0,13846491133.580742,2026-07-14
2020-09-24,sz.000813,德展健康,6.12957224,5.98546004,6.16800216,5.9086002,21422643,133644401.66,0.9557,-3.1104,2241565659.0,13416801678.980768,2026-07-14
2020-09-25,sz.000813,德展健康,5.93742264,5.8605628,5.98546004,5.8125254,17113841,104697793.55,0.7635,-2.0867,2241498494.0,13136442690.192425,2026-07-14
2020-09-28,sz.000813,德展健康,5.8605628,5.87017028,5.92781516,5.78370296,18354104,111584821.29,0.8188,0.1639,2241585735.0,13158489961.668955,2026-07-14
2020-09-29,sz.000813,德展健康,5.87017028,5.9086002,5.9566376,5.8125254,17423252,106426782.81,0.7773,0.6547,2241509327.0,13244182457.814066,2026-07-14
2020-09-30,sz.000813,德展健康,5.87977776,5.9086002,5.98546004,5.83174036,15594400,95634381.34,0.6957,0.0,2241540894.0,13244368974.59658,2026-07-14
2020-10-09,sz.000813,德展健康,5.93742264,5.87977776,5.96624508,5.8605628,14992407,91987919.7,0.6689,-0.4878,2241352519.0,13178654693.536177,2026-07-14
2020-10-12,sz.000813,德展健康,5.8605628,5.91820768,5.9566376,5.84134784,18086284,111014393.54,0.8069,0.6536,2241452968.0,13265384169.576395,2026-07-14
2020-10-13,sz.000813,德展健康,5.91820768,5.83174036,5.91820768,5.83174036,11969836,72983739.52,0.534,-1.461,2241542322.0,13072092827.855516,2026-07-14
2020-10-14,sz.000813,德展健康,5.8125254,5.8125254,5.8125254,5.7164506,16926066,101427766.41,0.7551,-0.3295,2241566150.0,13029160182.65521,2026-07-14
2020-10-15,sz.000813,德展健康,5.77409548,5.74527304,5.79331044,5.69723564,9958900,59516089.14,0.4443,-1.157,2241480981.0,12877920249.812052,2026-07-14
2020-10-16,sz.000813,德展健康,5.72605808,5.75488052,5.80291792,5.7164506,9571818,57226482.91,0.427,0.1672,2241643560.0,12900390856.227451,2026-07-14
2020-10-19,sz.000813,德展健康,5.73566556,5.75488052,5.8125254,5.69723564,14054800,84027671.39,0.627,0.0,2241594896.0,12900110800.721827,2026-07-14
2020-10-20,sz.000813,德展健康,5.73566556,5.72605808,5.73566556,5.6684132,11742416,69634621.75,0.5239,-0.5008,2241346822.0,12834082080.195421,2026-07-14
2020-10-21,sz.000813,德展健康,5.70684312,5.72605808,5.74527304,5.61076832,15762187,93464110.22,0.7032,0.0,2241494170.0,12834925803.401392,2026-07-14
2020-10-22,sz.000813,德展健康,5.68762816,5.72605808,5.74527304,5.65880572,13347470,79334422.74,0.5955,0.0,2241388749.0,12834322156.632542,2026-07-14
2020-10-23,sz.000813,德展健康,5.72605808,5.70684312,5.72605808,5.67802068,13183068,78249483.09,0.5881,-0.3356,2241637137.0,12792671472.824947,2026-07-14
2020-10-26,sz.000813,德展健康,5.69723564,5.74527304,5.78370296,5.63959076,11038143,65869456.71,0.4924,0.6734,2241702478.0,12879192810.554592,2026-07-14
2020-10-27,sz.000813,德展健康,5.7164506,5.9566376,6.03349744,5.7164506,27640849,170573522.59,1.2332,3.6789,2241392232.0,13351161245.479122,2026-07-14
2020-10-28,sz.000813,德展健康,6.004675,5.89899272,6.004675,5.8605628,17331934,106666035.82,0.7732,-0.9677,2241584842.0,13223092664.22035,2026-07-14
2020-10-29,sz.000813,德展健康,5.87977776,5.88938524,5.97585256,5.82213288,15742864,96852364.36,0.7023,-0.1629,2241615264.0,13201735849.560305,2026-07-14
2020-10-30,sz.000813,德展健康,5.87977776,5.89899272,5.96624508,5.84134784,19346183,118830485.54,0.8631,0.1631,2241476422.0,13222453095.429647,2026-07-14
2020-11-02,sz.000813,德展健康,5.89899272,5.98546004,6.0527124,5.79331044,25327062,155788829.0,1.1299,1.4658,2241531286.0,13416595940.762812,2026-07-14
2020-11-03,sz.000813,德展健康,5.97585256,6.1968246,6.32172184,5.96624508,31417022,201899948.2,1.4016,3.5313,2241511273.0,13890252197.703716,2026-07-14
2020-11-04,sz.000813,德展健康,6.1968246,6.22564704,6.2928994,6.1487872,17777301,115279367.76,0.7931,0.4651,2241495524.0,13954759974.163849,2026-07-14
2020-11-05,sz.000813,德展健康,6.26407696,6.44661908,6.51387144,6.26407696,34083009,226765423.17,1.5206,3.5494,2241418453.0,14449570965.373882,2026-07-14
2020-11-06,sz.000813,德展健康,6.44661908,6.39858168,6.55230136,6.30250688,20149929,133487450.24,0.899,-0.7452,2241371413.0,14341598061.297514,2026-07-14
2020-11-09,sz.000813,德展健康,6.485049,6.4370116,6.50426396,6.31211436,27460931,182548975.76,1.2371,0.6006,2219782637.0,14288766583.84759,2026-07-14
2020-11-10,sz.000813,德展健康,6.4370116,6.5811238,6.64837616,6.4370116,41645439,283265426.64,1.876,2.2388,2219906130.0,14609477065.908895,2026-07-14
2020-11-11,sz.000813,德展健康,6.55230136,6.42740412,6.60994624,6.36015176,23075292,155327445.23,1.0395,-2.3358,2219845310.0,14267842891.256678,2026-07-14
2020-11-12,sz.000813,德展健康,6.42740412,6.41779664,6.485049,6.30250688,18998552,126158835.6,0.8558,-0.1495,2219975695.0,14247352556.252665,2026-07-14
2020-11-13,sz.000813,德展健康,6.3889742,6.55230136,6.56190884,6.3409368,18790650,126522446.2,0.8465,2.0958,2219805080.0,14544831844.61891,2026-07-14
2020-11-16,sz.000813,德展健康,6.55230136,6.55230136,6.55230136,6.55230136,0,0.0,0.0,0.0,2219805080.0,14544831844.61891,2026-07-14
2020-11-17,sz.000813,德展健康,6.55230136,6.55230136,6.55230136,6.55230136,0,0.0,0.0,0.0,2219805080.0,14544831844.61891,2026-07-14
2020-11-18,sz.000813,德展健康,6.55230136,6.16800216,6.8213108,5.89899272,51166740,335033184.89,2.3049,-5.8651,2219911493.0,13692418883.832825,2026-07-14
2020-11-19,sz.000813,德展健康,6.11996476,6.0527124,6.15839468,5.91820768,19527305,122717610.06,0.8797,-1.8692,2219768671.0,13435621360.09322,2026-07-14
2020-11-20,sz.000813,德展健康,6.0527124,6.42740412,6.65798364,5.99506752,64047213,425050837.53,2.8852,6.1905,2219853494.0,14267895493.131996,2026-07-14
2020-11-23,sz.000813,德展健康,6.32172184,6.3889742,6.57151632,6.32172184,41741043,280557003.88,1.8803,-0.5979,2219914003.0,14182973291.385723,2026-07-14
2020-11-24,sz.000813,德展健康,6.35054428,6.1968246,6.52347892,6.18721712,29635914,194642498.34,1.335,-3.0075,2219918652.0,13756446512.71244,2026-07-14
2020-11-25,sz.000813,德展健康,6.1968246,6.1487872,6.21603956,6.13917972,10673694,68565377.8,0.4808,-0.7752,2219986273.0,13650223179.598106,2026-07-14
2020-11-26,sz.000813,德展健康,6.1487872,6.13917972,6.21603956,6.04310492,21189025,134881438.3,0.9545,-0.1563,2219908329.0,13628416193.655888,2026-07-14
2020-11-27,sz.000813,德展健康,6.1487872,6.13917972,6.36015176,6.02388996,27792034,178667319.53,1.252,0.0,2219811022.0,13627818808.494873,2026-07-14
2020-11-30,sz.000813,德展健康,6.13917972,6.244862,6.45622656,6.11996476,44936154,296138758.86,2.0243,1.7214,2219836684.0,13862573754.117609,2026-07-14
2020-12-01,sz.000813,德展健康,6.23525452,6.27368444,6.2928994,6.07192736,30798927,197428740.75,1.3874,0.4615,2219902479.0,13926967640.819727,2026-07-14
2020-12-02,sz.000813,德展健康,6.27368444,6.32172184,6.41779664,6.16800216,38721789,254809604.25,1.7443,0.7657,2219904202.0,14033616876.491173,2026-07-14
2020-12-03,sz.000813,德展健康,6.32172184,6.32172184,6.42740412,6.27368444,22477488,148316478.44,1.0126,0.0,2219779577.0,14032829031.906862,2026-07-14
2020-12-04,sz.000813,德展健康,6.31211436,6.20643208,6.3409368,6.18721712,14337764,93002129.66,0.6459,-1.8237,2219811736.0,13777110769.870892,2026-07-14
2020-12-07,sz.000813,德展健康,6.20643208,5.93742264,6.20643208,5.93742264,29422666,184816043.48,1.3254,-4.3344,2219908405.0,13180534422.57329,2026-07-14
2020-12-08,sz.000813,德展健康,5.93742264,5.92781516,5.96624508,5.87017028,11956664,73502779.6,0.5386,-0.1618,2219952469.0,13159467900.21763,2026-07-14
2020-12-09,sz.000813,德展健康,5.92781516,5.79331044,6.02388996,5.764488,17965900,109462958.11,0.8093,-2.269,2219930804.0,12860748302.890793,2026-07-14
2020-12-10,sz.000813,德展健康,5.78370296,5.8605628,5.94703012,5.70684312,22306265,135320205.47,1.0048,1.1609,2219970641.0,13010277355.736755,2026-07-14
2020-12-11,sz.000813,德展健康,5.85095532,5.7164506,5.85095532,5.70684312,12049200,72312732.0,0.5428,-2.459,2219823139.0,12689509314.830433,2026-07-14
2020-12-14,sz.000813,德展健康,5.69723564,5.79331044,5.9086002,5.65880572,11418381,68733200.11,0.5144,1.3445,2219747473.0,12859686209.494518,2026-07-14
2020-12-15,sz.000813,德展健康,5.764488,5.764488,5.84134784,5.65880572,12434614,74095983.79,0.5602,-0.4975,2219674045.0,12795284396.313961,2026-07-14
2020-12-16,sz.000813,德展健康,5.74527304,5.72605808,5.75488052,5.63959076,11083399,65600928.58,0.4993,-0.6667,2219787503.0,12710632167.436172,2026-07-14
2020-12-17,sz.000813,德展健康,5.67802068,5.73566556,5.8125254,5.51469352,20902637,123646973.22,0.9416,0.1678,2219906223.0,12732639669.69078,2026-07-14
2020-12-18,sz.000813,德展健康,5.70684312,5.7164506,5.87017028,5.62998328,21418050,127781135.8,0.9648,-0.335,2219947139.0,12690218154.704834,2026-07-14
2020-12-21,sz.000813,德展健康,5.67802068,5.6203758,5.79331044,5.55312344,28031700,164313208.5,1.2628,-1.6807,2219805195.0,12476139398.69228,2026-07-14
2020-12-22,sz.000813,德展健康,5.5723384,5.51469352,5.6684132,5.39940376,25547358,146215790.4,1.1508,-1.8803,2219965068.0,12242426975.12596,2026-07-14
2020-12-23,sz.000813,德展健康,5.45704864,5.36097384,5.48587108,5.31293644,13672961,76520106.51,0.6159,-2.7875,2219996915.0,11901345386.195704,2026-07-14
2020-12-24,sz.000813,德展健康,5.3321514,5.16882424,5.3321514,5.0919644,18732414,101968941.88,0.8439,-3.5842,2219743335.0,11473463156.526442,2026-07-14
2020-12-25,sz.000813,德展健康,5.17843172,4.66923528,5.1880392,4.66923528,42972571,219180322.89,1.9358,-9.6654,2219886920.0,10365174324.474537,2026-07-14
2020-12-28,sz.000813,德展健康,4.67884276,4.19846876,4.7557026,4.19846876,54981800,243435719.0,2.4768,-10.0823,2219872416.0,9320064989.761724,2026-07-14
2020-12-29,sz.000813,德展健康,3.80456208,3.8910294,4.19846876,3.80456208,132735736,544458503.82,5.9794,-7.3227,2219883868.0,8637633394.973719,2026-07-14
2020-12-30,sz.000813,德展健康,3.842992,3.87181444,3.9390668,3.6508424,85678094,336559529.97,3.8596,-0.4938,2219869779.0,8594923865.251808,2026-07-14
2020-12-31,sz.000813,德展健康,3.88142192,4.25611364,4.25611364,3.86220696,70795590,304891782.23,3.1892,9.9256,2219854195.0,9447951718.150719,2026-07-14
2021-01-04,sz.000813,德展健康,4.29454356,4.31375852,4.48669316,4.21768372,74799270,337289418.48,3.3695,1.3544,2219892269.0,9576079188.880882,2026-07-14
2021-01-05,sz.000813,德展健康,4.2753286,4.19846876,4.34258096,4.16003884,36917502,162457948.26,1.663,-2.6726,2219933975.0,9320323443.300121,2026-07-14
2021-01-06,sz.000813,德展健康,4.25611364,4.09278648,4.25611364,4.07357152,26593926,114265679.99,1.198,-2.5172,2219860267.0,9085414088.26679,2026-07-14
2021-01-07,sz.000813,德展健康,4.1312164,3.97749672,4.1312164,3.94867428,27373526,114167290.27,1.2331,-2.8169,2219895061.0,8829625323.8717,2026-07-14
2021-01-08,sz.000813,德展健康,3.99671168,4.04474908,4.21768372,3.92945932,34587966,146528065.6,1.5581,1.6908,2219881009.0,8978861668.86222,2026-07-14
2021-01-11,sz.000813,德展健康,4.11200144,3.87181444,4.11200144,3.85259948,28188832,115175617.63,1.2698,-4.2755,2219942668.0,8595206077.934526,2026-07-14
2021-01-12,sz.000813,德展健康,3.90063688,3.90063688,3.97749672,3.86220696,25332737,103380894.59,1.1412,0.7444,2219833246.0,8658763426.797712,2026-07-14
2021-01-13,sz.000813,德展健康,3.91024436,3.8910294,3.91985184,3.81416956,21418691,85987447.0,0.9649,-0.2463,2219783501.0,8637242864.025928,2026-07-14
2021-01-14,sz.000813,德展健康,3.86220696,3.9390668,3.99671168,3.842992,20121439,82261173.07,0.9064,1.2346,2219929281.0,8744449729.134972,2026-07-14
2021-01-15,sz.000813,德展健康,3.95828176,3.9871042,4.083179,3.95828176,24457031,102196040.41,1.1017,1.2195,2219935645.0,8851114733.909208,2026-07-14
2021-01-18,sz.000813,德展健康,3.94867428,4.05435656,4.06396404,3.94867428,24172552,101213028.24,1.0889,1.6867,2219905593.0,9000288803.560242,2026-07-14
2021-01-19,sz.000813,德展健康,4.07357152,4.14082388,4.14082388,4.02553412,26103855,111428686.13,1.1759,2.1327,2219904329.0,9192232856.838577,2026-07-14
2021-01-20,sz.000813,德展健康,4.1312164,4.2753286,4.34258096,4.05435656,37818370,165938667.61,1.7036,3.2483,2219909016.0,9490840505.502657,2026-07-14
2021-01-21,sz.000813,德展健康,4.24650616,4.16964632,4.31375852,4.16964632,23820421,104515283.35,1.0731,-2.4719,2219776442.0,9255682672.607994,2026-07-14
2021-01-22,sz.000813,德展健康,4.16003884,4.16003884,4.26572112,4.09278648,16409417,71170956.76,0.7392,-0.2304,2219888663.0,9234823058.555672,2026-07-14
2021-01-25,sz.000813,德展健康,4.28493608,4.20807624,4.54433804,4.1792538,50077595,224413535.22,2.2559,1.1547,2219849949.0,9341297826.752111,2026-07-14
2021-01-26,sz.000813,德展健康,4.16003884,3.95828176,4.16003884,3.94867428,32141333,134879727.9,1.4479,-5.9361,2219858623.0,8786825897.199617,2026-07-14
2021-01-27,sz.000813,德展健康,3.95828176,3.92945932,4.02553412,3.91985184,17962005,74098990.45,0.8091,-0.7282,2219998146.0,8723392405.18242,2026-07-14
2021-01-28,sz.000813,德展健康,3.88142192,3.91985184,3.96788924,3.86220696,16385472,66649369.11,0.7381,-0.2445,2219952852.0,8701886271.625448,2026-07-14
2021-01-29,sz.000813,德展健康,3.92945932,3.82377704,3.9390668,3.7949546,17517031,70100349.67,0.7891,-2.451,2219874667.0,8488305783.352245,2026-07-14
2021-02-01,sz.000813,德展健康,3.7949546,3.73730972,3.7949546,3.67005736,18117620,70285024.4,0.8162,-2.2613,2219752512.0,8295902639.092016,2026-07-14
2021-02-02,sz.000813,德展健康,3.73730972,3.7469172,3.82377704,3.72770224,12424285,48678760.4,0.5597,0.2571,2219811506.0,8317449912.589303,2026-07-14
2021-02-03,sz.000813,德展健康,3.78534712,3.6508424,3.7949546,3.6508424,12346523,47472847.14,0.5562,-2.5641,2219799173.0,8104136940.273335,2026-07-14
2021-02-04,sz.000813,德展健康,3.61241248,3.53555264,3.64123492,3.42987036,21218945,77832302.41,0.9559,-3.1579,2219787112.0,7848174184.069576,2026-07-14
2021-02-05,sz.000813,德展健康,3.49712272,3.54516012,3.62201996,3.49712272,12471152,46324012.96,0.5618,0.2717,2219856177.0,7869745590.836061,2026-07-14
2021-02-08,sz.000813,德展健康,3.602805,3.56437508,3.64123492,3.51633768,10070210,37470326.0,0.4536,0.542,2220063933.0,7913140558.791989,2026-07-14
2021-02-09,sz.000813,德展健康,3.5547676,3.54516012,3.58359004,3.51633768,13136473,48499270.87,0.5918,-0.5391,2219748733.0,7869364684.652127,2026-07-14
2021-02-10,sz.000813,德展健康,3.5547676,3.43947784,3.56437508,3.42987036,19862875,72139256.75,0.8948,-2.981,2219811690.0,7634993116.727949,2026-07-14
2021-02-18,sz.000813,德展健康,3.46830028,3.61241248,3.66044988,3.42987036,29965070,111904419.68,1.3499,5.0279,2219799244.0,8018830492.120166,2026-07-14
2021-02-19,sz.000813,德展健康,3.6508424,3.77573964,3.80456208,3.602805,23084301,89453921.45,1.0399,4.5213,2219857775.0,8381604996.229701,2026-07-14
2021-02-22,sz.000813,德展健康,3.78534712,3.87181444,4.00631916,3.78534712,26390442,107227906.35,1.1888,2.5445,2219922779.0,8595129071.41713,2026-07-14
2021-02-23,sz.000813,德展健康,3.86220696,3.71809476,3.92945932,3.68927232,23751088,93245814.0,1.0699,-3.9702,2219935321.0,8253929884.549018,2026-07-14
2021-02-24,sz.000813,德展健康,3.72770224,3.7469172,3.77573964,3.66044988,19643610,76174602.5,0.8849,0.7752,2219867782.0,8317660774.10165,2026-07-14
2021-02-25,sz.000813,德展健康,3.72770224,3.67005736,3.7469172,3.66044988,15507379,59558122.78,0.6986,-2.0513,2219779416.0,8146717783.267302,2026-07-14
2021-02-26,sz.000813,德展健康,3.64123492,3.66044988,3.68927232,3.62201996,14445550,54929489.13,0.6507,-0.2618,2220001537.0,8126204359.711465,2026-07-14
2021-03-01,sz.000813,德展健康,3.66044988,3.6988798,3.70848728,3.66044988,16854240,64602573.8,0.7592,1.0499,2220000000.0,8211513156.0,2026-07-14
2021-03-02,sz.000813,德展健康,3.6988798,3.62201996,3.70848728,3.61241248,18276650,69396731.17,0.8233,-2.0779,2219925908.0,8040615948.497124,2026-07-14
2021-03-03,sz.000813,德展健康,3.62201996,3.66044988,3.67005736,3.602805,16074098,60959667.41,0.7241,1.061,2219872670.0,8125732648.516779,2026-07-14
2021-03-04,sz.000813,德展健康,3.66044988,3.67966484,3.70848728,3.63162744,19110429,72993527.28,0.8609,0.5249,2219819840.0,8168193016.382425,2026-07-14
2021-03-05,sz.000813,德展健康,3.9871042,4.04474908,4.04474908,3.91985184,19519347,81971975.87,0.8793,9.9217,2219873422.0,8978830981.350952,2026-07-14
2021-03-08,sz.000813,德展健康,4.44826324,4.44826324,4.44826324,4.44826324,16211781,75060546.03,0.7303,9.9762,2219879639.0,9874608995.38817,2026-07-14
2021-03-09,sz.000813,德展健康,4.65002032,4.05435656,4.65002032,4.00631916,99461833,441754181.16,4.4805,-8.8553,2219882446.0,9000194957.368946,2026-07-14
2021-03-10,sz.000813,德展健康,3.94867428,4.05435656,4.1312164,3.94867428,40463444,168925399.69,1.8228,0.0,2219850998.0,9000067455.963848,2026-07-14
2021-03-11,sz.000813,德展健康,4.04474908,4.0351416,4.06396404,3.88142192,30430206,125769972.61,1.3708,-0.4739,2219886636.0,8957556912.207659,2026-07-14
2021-03-12,sz.000813,德展健康,4.06396404,3.9871042,4.12160892,3.91985184,35650635,147463463.74,1.606,-1.1905,2219840286.0,8850734527.639801,2026-07-14
2021-03-15,sz.000813,德展健康,3.92945932,3.9390668,3.96788924,3.88142192,22745106,92816078.14,1.0246,-1.2048,2219901035.0,8744338466.254137,2026-07-14
2021-03-16,sz.000813,德展健康,3.92945932,3.85259948,3.9390668,3.78534712,33035548,132381006.3,1.4882,-2.1951,2219832549.0,8552125723.964474,2026-07-14
2021-03-17,sz.000813,德展健康,3.85259948,3.97749672,4.06396404,3.83338452,37631399,154025517.81,1.6952,3.2419,2219879601.0,8829563831.77241,2026-07-14
2021-03-18,sz.000813,德展健康,3.95828176,4.00631916,4.0351416,3.8910294,28039328,115610930.21,1.2631,0.7246,2219881878.0,8893555300.768183,2026-07-14
2021-03-19,sz.000813,德展健康,3.9390668,3.8910294,3.9871042,3.8910294,20037738,82025236.7,0.9027,-2.8777,2219756065.0,8637136109.74331,2026-07-14
2021-03-22,sz.000813,德展健康,3.90063688,3.91985184,3.9390668,3.842992,17609164,71461163.16,0.7933,0.7407,2219735787.0,8701035408.985798,2026-07-14
2021-03-23,sz.000813,德展健康,3.91985184,3.87181444,3.92945932,3.842992,16692937,67287615.51,0.752,-1.2255,2219805452.0,8594674803.044327,2026-07-14
2021-03-24,sz.000813,德展健康,3.85259948,3.81416956,3.8910294,3.81416956,16120305,64317187.9,0.7262,-1.4888,2219816166.0,8466755249.153107,2026-07-14
2021-03-25,sz.000813,德展健康,3.81416956,3.80456208,3.83338452,3.77573964,12848437,50852174.36,0.5788,-0.2519,2219840532.0,8445521111.694227,2026-07-14
2021-03-26,sz.000813,德展健康,3.81416956,3.82377704,3.82377704,3.7469172,17527000,69206754.58,0.7896,0.5051,2219731510.0,8487758382.902531,2026-07-14
2021-03-29,sz.000813,德展健康,3.7469172,3.70848728,3.75652468,3.6508424,21784581,84091801.85,0.9813,-3.0151,2219971568.0,8232736321.889655,2026-07-14
2021-03-30,sz.000813,德展健康,3.70848728,4.083179,4.083179,3.67966484,53265343,216616504.09,2.3995,10.1036,2219851761.0,9064052093.62822,2026-07-14
2021-03-31,sz.000813,德展健康,4.083179,3.95828176,4.1312164,3.92945932,53070072,221431628.07,2.3907,-3.0588,2219854938.0,8786811310.931332,2026-07-14
2021-04-01,sz.000813,德展健康,3.91024436,3.86220696,3.95828176,3.85259948,30327776,122653586.0,1.3662,-2.4272,2219863563.0,8573572503.268998,2026-07-14
2021-04-02,sz.000813,德展健康,3.88142192,3.83338452,3.8910294,3.78534712,20266059,80638218.26,0.9129,-0.7463,2219964837.0,8509978841.100123,2026-07-14
2021-04-06,sz.000813,德展健康,3.83338452,3.86220696,3.87181444,3.80456208,17786144,71101828.1,0.8012,0.7519,2219938093.0,8573860353.553727,2026-07-14
2021-04-07,sz.000813,德展健康,3.85259948,3.88142192,3.8910294,3.82377704,18451219,74245409.26,0.8312,0.4975,2219829042.0,8616093102.2714,2026-07-14
2021-04-08,sz.000813,德展健康,3.87181444,3.88142192,3.94867428,3.842992,20578375,83403499.47,0.927,0.0,2219889428.0,8616327485.815462,2026-07-14
2021-04-09,sz.000813,德展健康,3.8910294,4.05435656,4.083179,3.87181444,44572899,185109683.63,2.0079,4.4554,2219876438.0,9000170598.794735,2026-07-14
2021-04-12,sz.000813,德展健康,4.01592664,4.1312164,4.21768372,3.97749672,46370670,198061666.77,2.0889,1.8957,2219860692.0,9170724896.505749,2026-07-14
2021-04-13,sz.000813,德展健康,4.11200144,4.1312164,4.20807624,4.04474908,30882714,132677040.43,1.3912,0.0,2219861558.0,9170728474.13915,2026-07-14
2021-04-14,sz.000813,德展健康,4.10239396,4.23689868,4.2753286,4.06396404,42921855,187667474.48,1.9335,2.5581,2219904577.0,9405510772.01726,2026-07-14
2021-04-15,sz.000813,德展健康,4.21768372,4.323366,4.323366,4.16964632,39176563,173499385.57,1.7648,2.0408,2219886843.0,9597383300.873539,2026-07-14
2021-04-16,sz.000813,德展健康,4.323366,4.29454356,4.34258096,4.1792538,35575410,157463097.14,1.6026,-0.6667,2219855859.0,9533267683.396719,2026-07-14
2021-04-19,sz.000813,德展健康,4.29454356,4.28493608,4.40022584,4.20807624,43191435,192483057.83,1.9457,-0.2237,2219840417.0,9511874294.645544,2026-07-14
2021-04-20,sz.000813,德展健康,4.28493608,4.53473056,4.71727268,4.1792538,104479454,493618346.65,4.7066,5.8296,2219849870.0,10066421044.101027,2026-07-14
2021-04-21,sz.000813,德展健康,4.36179592,4.563553,4.60198292,4.2753286,91394635,424797467.41,4.1171,0.6356,2219878920.0,10130535105.00276,2026-07-14
2021-04-22,sz.000813,德展健康,4.7557026,4.7076652,4.76531008,4.4674782,72121069,348092191.74,3.2489,3.1579,2219861153.0,10450363098.809977,2026-07-14
2021-04-23,sz.000813,德展健康,4.64041284,4.49630064,4.68845024,4.40983332,50490264,237717760.43,2.2745,-4.4898,2219840141.0,9981068646.675991,2026-07-14
2021-04-26,sz.000813,德展健康,4.48669316,4.49630064,4.57316048,4.4194408,31768819,149034413.33,1.4311,0.0,2219888128.0,9981284410.654802,2026-07-14
2021-04-27,sz.000813,德展健康,4.49630064,4.25611364,4.53473056,4.21768372,47923418,216121106.8,2.1588,-5.3419,2219910043.0,9448189413.585285,2026-07-14
2021-04-28,sz.000813,德展健康,4.28493608,4.15043136,4.33297348,4.1312164,44526692,195530571.27,2.0058,-2.4831,2219896899.0,9213529705.576353,2026-07-14
2021-04-29,sz.000813,德展健康,4.12160892,4.29454356,4.5155156,4.0351416,64301195,286166416.99,2.8966,3.4722,2219885210.0,9533393732.544748,2026-07-14
2021-04-30,sz.000813,德展健康,4.4674782,4.72688016,4.72688016,4.24650616,138021121,661991080.0,6.2175,10.0671,2219881319.0,10493112964.335732,2026-07-14
2021-05-06,sz.000813,德展健康,4.95745968,4.69805772,5.13039432,4.66923528,151861030,772706601.5,6.841,-0.6098,2219865955.0,10429058387.252924,2026-07-14
2021-05-07,sz.000813,德展健康,4.7076652,4.50590812,4.77491756,4.49630064,80303862,382154575.68,3.6175,-4.09,2219871790.0,10002538323.919935,2026-07-14
2021-05-10,sz.000813,德展健康,4.48669316,4.5155156,4.60198292,4.43865576,54945340,258824735.9,2.4752,0.2132,2219834357.0,10023696668.449469,2026-07-14
2021-05-11,sz.000813,德展健康,4.49630064,4.96706716,4.96706716,4.40022584,159329570,804311496.69,7.1774,10.0,2219878647.0,11026286326.698933,2026-07-14
2021-05-12,sz.000813,德展健康,4.88059984,5.0919644,5.26489904,4.82295496,161662827,839904691.03,7.2825,2.5145,2219880906.0,11303554545.591747,2026-07-14
2021-05-13,sz.000813,德展健康,4.9958896,5.13039432,5.3801888,4.9958896,134343199,721978148.61,6.0519,0.7547,2219851600.0,11388714039.882912,2026-07-14
2021-05-14,sz.000813,德展健康,5.1880392,5.10157188,5.524301,5.08235692,135607121,740484432.67,6.1088,-0.5618,2219865129.0,11324801519.498972,2026-07-14
2021-05-17,sz.000813,德展健康,4.95745968,4.92863724,5.1880392,4.88059984,77437703,402692587.31,3.4884,-3.3898,2219863060.0,10940899745.216354,2026-07-14
2021-05-18,sz.000813,德展健康,5.01510456,5.07274944,5.3321514,4.92863724,100636031,535766120.09,4.5334,2.924,2219879803.0,11260894027.53556,2026-07-14
2021-05-19,sz.000813,德展健康,5.01510456,4.92863724,5.1880392,4.90942228,76425537,400262899.07,3.4428,-2.8409,2219865720.0,10940912855.391413,2026-07-14
2021-05-20,sz.000813,德展健康,4.91902976,5.16882424,5.29372148,4.89020732,109807232,582903990.17,4.9466,4.8733,2219852666.0,11474028269.249424,2026-07-14
2021-05-21,sz.000813,德展健康,5.0919644,5.14960928,5.1880392,4.9958896,75651445,402002490.73,3.4079,-0.3717,2219884533.0,11431537991.665266,2026-07-14
2021-05-24,sz.000813,德展健康,5.0919644,4.95745968,5.10157188,4.92863724,58726729,305252597.77,2.6455,-3.7313,2219872576.0,11004928790.257736,2026-07-14
2021-05-25,sz.000813,德展健康,4.9958896,4.93824472,5.05353448,4.8517774,50665026,261239462.08,2.2823,-0.3876,2219910879.0,10962463177.09231,2026-07-14
2021-05-26,sz.000813,德展健康,4.96706716,5.06314196,5.14960928,4.8998148,68655071,359016613.36,3.0928,2.5292,2219835457.0,11239342046.632477,2026-07-14
2021-05-27,sz.000813,德展健康,5.06314196,4.97667464,5.06314196,4.92863724,49412416,256142868.44,2.2259,-1.7078,2219884811.0,11047644442.624893,2026-07-14
2021-05-28,sz.000813,德展健康,4.95745968,4.89020732,5.02471204,4.8517774,46381807,237892280.31,2.0894,-1.7375,2219862496.0,10855587827.33267,2026-07-14
2021-05-31,sz.000813,德展健康,4.92863724,5.1400018,5.22646912,4.87099236,69812972,368832114.03,3.1449,5.1081,2219878915.0,11410181618.882048,2026-07-14
2021-06-01,sz.000813,德展健康,5.21,5.07,5.24,5.02,62157036,317567069.7,2.8,-1.3619,2219894143.0,11254863305.01,2026-07-14
2021-06-02,sz.000813,德展健康,5.04,4.75,5.08,4.73,61596742,300194783.26,2.7748,-6.3116,2219862404.0,10544346419.0,2026-07-14
2021-06-03,sz.000813,德展健康,4.73,4.65,4.73,4.62,29922351,139707847.99,1.3479,-2.1053,2219923659.0,10322645014.35,2026-07-14
2021-06-04,sz.000813,德展健康,4.65,4.65,4.72,4.61,20664844,96450918.06,0.9309,0.0,2219877968.0,10322432551.2,2026-07-14
2021-06-07,sz.000813,德展健康,4.68,4.71,4.72,4.62,20356097,95254677.93,0.917,1.2903,2219857906.0,10455530737.26,2026-07-14
2021-06-08,sz.000813,德展健康,4.68,4.62,4.74,4.62,18911695,88043735.01,0.8519,-1.9108,2219943068.0,10256136974.16,2026-07-14
2021-06-09,sz.000813,德展健康,4.6,4.49,4.64,4.47,29621294,133585060.84,1.3344,-2.8139,2219821193.0,9966997156.57,2026-07-14
2021-06-10,sz.000813,德展健康,4.47,4.49,4.52,4.4,21921620,97973693.92,0.9875,0.0,2219910886.0,9967399878.140001,2026-07-14
2021-06-11,sz.000813,德展健康,4.45,4.45,4.49,4.41,22720671,100904282.8,1.0235,-0.8909,2219899463.0,9878552610.35,2026-07-14
2021-06-15,sz.000813,德展健康,4.43,4.53,4.57,4.41,20296411,90947881.13,0.9143,1.7978,2219885267.0,10056080259.51,2026-07-14
2021-06-16,sz.000813,德展健康,4.54,4.46,4.56,4.42,15301900,68607410.0,0.6893,-1.5453,2219918758.0,9900837660.68,2026-07-14
2021-06-17,sz.000813,德展健康,4.46,4.47,4.51,4.4,18290472,81673628.93,0.8239,0.2242,2219986892.0,9923341407.24,2026-07-14
2021-06-18,sz.000813,德展健康,4.45,4.5,4.51,4.42,16809370,75044781.49,0.7572,0.6711,2219937929.0,9989720680.5,2026-07-14
2021-06-21,sz.000813,德展健康,4.5,4.68,4.71,4.47,27461731,127261035.15,1.2371,4.0,2219847304.0,10388885382.72,2026-07-14
2021-06-22,sz.000813,德展健康,4.64,4.67,4.72,4.59,23581127,109454091.47,1.0623,-0.2137,2219818036.0,10366550228.119999,2026-07-14
2021-06-23,sz.000813,德展健康,4.66,4.6,4.71,4.58,18036502,83250077.84,0.8125,-1.4989,2219877169.0,10211434977.4,2026-07-14
2021-06-24,sz.000813,德展健康,4.6,4.44,4.6,4.44,20566263,92179375.03,0.9265,-3.4783,2219780140.0,9855823821.6,2026-07-14
2021-06-25,sz.000813,德展健康,4.45,4.47,4.5,4.4,12952189,57705009.74,0.5835,0.6757,2219741045.0,9922242471.15,2026-07-14
2021-06-28,sz.000813,德展健康,4.44,4.42,4.47,4.41,11371000,50379613.0,0.5122,-1.1186,2220031238.0,9812538071.96,2026-07-14
2021-06-29,sz.000813,德展健康,4.54,4.48,4.66,4.45,22529185,102682685.02,1.0149,1.3575,2219842842.0,9944895932.160002,2026-07-14
2021-06-30,sz.000813,德展健康,4.45,4.54,4.64,4.43,21992219,99278197.04,0.9907,1.3393,2219866660.0,10078194636.4,2026-07-14
2021-07-01,sz.000813,德展健康,4.56,4.53,4.63,4.51,21313050,97643539.0,0.9601,-0.2203,2219878138.0,10056047965.140001,2026-07-14
2021-07-02,sz.000813,德展健康,4.51,4.4,4.56,4.4,18741736,83160465.98,0.8443,-2.8698,2219795807.0,9767101550.800001,2026-07-14
2021-07-05,sz.000813,德展健康,4.36,4.3,4.43,4.27,19476381,84019375.31,0.8774,-2.2727,2219783565.0,9545069329.5,2026-07-14
2021-07-06,sz.000813,德展健康,4.3,4.25,4.32,4.22,12272815,52319618.1,0.5529,-1.1628,2219716947.0,9433797024.75,2026-07-14
2021-07-07,sz.000813,德展健康,4.22,4.25,4.26,4.19,12084318,51007211.69,0.5444,0.0,2219749816.0,9433936718.0,2026-07-14
2021-07-08,sz.000813,德展健康,4.25,4.12,4.25,4.12,17028601,70858285.42,0.7671,-3.0588,2219867162.0,9145852707.44,2026-07-14
2021-07-09,sz.000813,德展健康,4.09,4.19,4.23,4.04,14462550,60019443.35,0.6515,1.699,2219884881.0,9301317651.390001,2026-07-14
2021-07-12,sz.000813,德展健康,4.21,4.22,4.29,4.19,10954216,46382812.52,0.4935,0.716,2219699291.0,9367131008.019999,2026-07-14
2021-07-13,sz.000813,德展健康,4.22,4.25,4.26,4.14,14411207,60461320.85,0.6492,0.7109,2219840881.0,9434323744.25,2026-07-14
2021-07-14,sz.000813,德展健康,4.25,4.34,4.37,4.19,23643357,101640856.12,1.0651,2.1176,2219825087.0,9634040877.58,2026-07-14
2021-07-15,sz.000813,德展健康,4.3,4.32,4.35,4.22,16559975,70926808.18,0.746,-0.4608,2219835791.0,9589690617.12,2026-07-14
2021-07-16,sz.000813,德展健康,4.3,4.26,4.33,4.26,9958940,42621486.8,0.4486,-1.3889,2220004458.0,9457218991.08,2026-07-14
2021-07-19,sz.000813,德展健康,4.23,4.55,4.57,4.18,40873007,180415897.82,1.8412,6.8075,2219911308.0,10100596451.4,2026-07-14
2021-07-20,sz.000813,德展健康,4.5,4.45,4.68,4.43,25556385,114564942.38,1.1513,-2.1978,2219785026.0,9878043365.7,2026-07-14
2021-07-21,sz.000813,德展健康,4.45,4.43,4.48,4.42,15448483,68645185.52,0.6959,-0.4494,2219928582.0,9834283618.26,2026-07-14
2021-07-22,sz.000813,德展健康,4.43,4.39,4.47,4.36,14190319,62477342.1,0.6392,-0.9029,2220012359.0,9745854256.01,2026-07-14
2021-07-23,sz.000813,德展健康,4.35,4.28,4.38,4.27,13303433,57371166.26,0.5993,-2.5057,2219828633.0,9500866549.24,2026-07-14
2021-07-26,sz.000813,德展健康,4.26,4.11,4.27,4.1,19284680,80376127.71,0.8687,-3.972,2219947047.0,9123982363.17,2026-07-14
2021-07-27,sz.000813,德展健康,4.1,4.11,4.18,4.08,15015955,62001133.11,0.6764,0.0,2219981520.0,9124124047.2,2026-07-14
2021-07-28,sz.000813,德展健康,4.09,4.22,4.3,3.91,33062378,137577490.17,1.4894,2.6764,2219845441.0,9367747761.019999,2026-07-14
2021-07-29,sz.000813,德展健康,4.39,4.26,4.39,4.23,18386009,78696523.23,0.8282,0.9479,2219996257.0,9457184054.82,2026-07-14
2021-07-30,sz.000813,德展健康,4.26,4.13,4.26,4.11,17438915,72492847.72,0.7856,-3.0516,2219821156.0,9167861374.28,2026-07-14
2021-08-02,sz.000813,德展健康,4.08,4.12,4.15,4.02,16121867,65987558.75,0.7263,-0.2421,2219725595.0,9145269451.4,2026-07-14
2021-08-03,sz.000813,德展健康,4.12,4.16,4.19,4.08,15916582,66033895.78,0.717,0.9709,2219885914.0,9234725402.24,2026-07-14
2021-08-04,sz.000813,德展健康,4.16,4.08,4.16,4.04,20008992,81712042.34,0.9014,-1.9231,2219768360.0,9056654908.8,2026-07-14
2021-08-05,sz.000813,德展健康,4.06,3.99,4.11,3.99,16371750,66031029.5,0.7375,-2.2059,2219898305.0,8857394236.95,2026-07-14
2021-08-06,sz.000813,德展健康,3.99,3.97,4.0,3.92,13647000,53840326.5,0.6148,-0.5013,2219746259.0,8812392648.23,2026-07-14
2021-08-09,sz.000813,德展健康,3.96,3.99,4.02,3.94,9665200,38545611.0,0.4354,0.5038,2219843822.0,8857176849.78,2026-07-14
2021-08-10,sz.000813,德展健康,3.99,4.01,4.02,3.95,8469472,33804982.85,0.3815,0.5013,2220045085.0,8902380790.85,2026-07-14
2021-08-11,sz.000813,德展健康,4.01,4.04,4.05,4.0,9555360,38501189.56,0.4304,0.7481,2220111524.0,8969250556.960001,2026-07-14
2021-08-12,sz.000813,德展健康,4.05,4.01,4.07,4.0,10788603,43446170.0,0.486,-0.7426,2219877160.0,8901707411.6,2026-07-14
2021-08-13,sz.000813,德展健康,4.02,4.02,4.02,3.97,12541149,50052946.61,0.5649,0.2494,2220065321.0,8924662590.419998,2026-07-14
2021-08-16,sz.000813,德展健康,4.03,4.26,4.35,4.03,40321300,170494773.28,1.8164,5.9701,2219846950.0,9456548007.0,2026-07-14
2021-08-17,sz.000813,德展健康,4.25,4.2,4.34,4.19,25536914,108540076.28,1.1504,-1.4085,2219829103.0,9323282232.6,2026-07-14
2021-08-18,sz.000813,德展健康,4.19,4.16,4.23,4.14,13829283,57674210.62,0.623,-0.9524,2219788604.0,9234320592.64,2026-07-14
2021-08-19,sz.000813,德展健康,4.16,4.42,4.45,4.15,46226178,201222415.95,2.0824,6.25,2219851037.0,9811741583.539999,2026-07-14
2021-08-20,sz.000813,德展健康,4.38,4.43,4.46,4.33,34531489,151521568.78,1.5556,0.2262,2219818012.0,9833793793.16,2026-07-14
2021-08-23,sz.000813,德展健康,4.34,4.18,4.34,4.0,39092132,162899666.01,1.761,-5.6433,2219882567.0,9279109130.06,2026-07-14
2021-08-24,sz.000813,德展健康,4.17,4.19,4.21,4.11,20640434,85734501.29,0.9298,0.2392,2219878899.0,9301292586.810001,2026-07-14
2021-08-25,sz.000813,德展健康,4.17,4.16,4.19,4.13,12496610,52021704.0,0.5629,-0.716,2220040860.0,9235369977.6,2026-07-14
2021-08-26,sz.000813,德展健康,4.18,4.14,4.23,4.06,18764627,77801913.24,0.8453,-0.4808,2219877795.0,9190294071.3,2026-07-14
2021-08-27,sz.000813,德展健康,4.11,4.09,4.15,4.07,16585162,68044447.04,0.7471,-1.2077,2219938696.0,9079549266.64,2026-07-14
2021-08-30,sz.000813,德展健康,4.06,4.24,4.3,4.01,34529308,144413387.34,1.5555,3.6675,2219820508.0,9412038953.92,2026-07-14
2021-08-31,sz.000813,德展健康,4.24,4.17,4.26,4.16,14085226,59202578.06,0.6345,-1.6509,2219893775.0,9256957041.75,2026-07-14
2021-09-01,sz.000813,德展健康,4.18,4.19,4.21,4.12,14052331,58631530.81,0.633,0.4796,2219957504.0,9301621941.76,2026-07-14
2021-09-02,sz.000813,德展健康,4.19,4.25,4.34,4.19,20886761,88930321.72,0.9409,1.432,2219870443.0,9434449382.75,2026-07-14
2021-09-03,sz.000813,德展健康,4.24,4.35,4.39,4.19,32213314,138139882.11,1.4511,2.3529,2219923782.0,9656668451.699999,2026-07-14
2021-09-06,sz.000813,德展健康,4.34,4.39,4.43,4.31,22040779,96727319.43,0.9929,0.9195,2219838755.0,9745092134.449999,2026-07-14
2021-09-07,sz.000813,德展健康,4.38,4.4,4.42,4.36,18572565,81511750.7,0.8367,0.2278,2219740050.0,9766856220.0,2026-07-14
2021-09-08,sz.000813,德展健康,4.42,4.41,4.48,4.38,22107901,97720332.42,0.9959,0.2273,2219891656.0,9789722202.960001,2026-07-14
2021-09-09,sz.000813,德展健康,4.44,4.44,4.52,4.39,36251836,161226596.26,1.6331,0.6803,2219817280.0,9855988723.2,2026-07-14
2021-09-10,sz.000813,德展健康,4.43,4.35,4.47,4.34,31502426,138190048.62,1.4191,-2.027,2219887675.0,9656511386.25,2026-07-14
2021-09-13,sz.000813,德展健康,4.37,4.42,4.49,4.35,27929607,123912549.4,1.2582,1.6092,2219806629.0,9811545300.18,2026-07-14
2021-09-14,sz.000813,德展健康,4.5,4.31,4.51,4.3,21203700,92829889.02,0.9552,-2.4887,2219817839.0,9567414886.089998,2026-07-14
2021-09-15,sz.000813,德展健康,4.32,4.33,4.35,4.27,15031395,64884776.03,0.6771,0.464,2219966770.0,9612456114.1,2026-07-14
2021-09-16,sz.000813,德展健康,4.3,4.26,4.38,4.25,16862810,72728360.68,0.7596,-1.6166,2219959189.0,9457026145.14,2026-07-14
2021-09-17,sz.000813,德展健康,4.24,4.27,4.34,4.22,24975588,106641274.19,1.1251,0.2347,2219854946.0,9478780619.419998,2026-07-14
2021-09-22,sz.000813,德展健康,4.22,4.23,4.3,4.2,16344486,69354743.77,0.7363,-0.9368,2219813391.0,9389810643.93,2026-07-14
2021-09-23,sz.000813,德展健康,4.25,4.34,4.4,4.22,28034220,121751841.84,1.2629,2.6005,2219828965.0,9634057708.1,2026-07-14
2021-09-24,sz.000813,德展健康,4.35,4.22,4.37,4.21,20048567,85745461.54,0.9031,-2.765,2219971985.0,9368281776.699999,2026-07-14
2021-09-27,sz.000813,德展健康,4.22,4.11,4.22,4.06,20088450,82773580.1,0.9049,-2.6066,2219963532.0,9124050116.52,2026-07-14
2021-09-28,sz.000813,德展健康,4.13,4.16,4.17,4.08,10435000,43141618.5,0.4701,1.2165,2219740481.0,9234120400.960001,2026-07-14
2021-09-29,sz.000813,德展健康,4.13,4.04,4.14,4.04,13068262,53219371.96,0.5887,-2.8846,2219850858.0,8968197466.32,2026-07-14
2021-09-30,sz.000813,德展健康,4.04,4.08,4.09,4.01,12248380,49514523.68,0.5518,0.9901,2219713664.0,9056431749.12,2026-07-14
2021-10-08,sz.000813,德展健康,4.11,4.11,4.14,4.07,11970400,49185642.5,0.5392,0.7353,2220029674.0,9124321960.140001,2026-07-14
2021-10-11,sz.000813,德展健康,4.11,4.08,4.14,4.07,10104372,41363602.76,0.4552,-0.7299,2219765378.0,9056642742.24,2026-07-14
2021-10-12,sz.000813,德展健康,4.07,4.03,4.12,4.01,16027030,64941000.6,0.722,-1.2255,2219810249.0,8945835303.470001,2026-07-14
2021-10-13,sz.000813,德展健康,4.04,4.03,4.06,4.02,15347589,61979191.7,0.6914,0.0,2219784351.0,8945730934.53,2026-07-14
2021-10-14,sz.000813,德展健康,4.04,3.98,4.04,3.96,13831593,55094326.64,0.6231,-1.2407,2219803081.0,8834816262.38,2026-07-14
2021-10-15,sz.000813,德展健康,3.99,3.94,3.99,3.93,10900450,43075173.24,0.491,-1.005,2220050916.0,8747000609.039999,2026-07-14
2021-10-18,sz.000813,德展健康,3.9,3.9,3.93,3.89,10445700,40762673.0,0.4706,-1.0152,2219655759.0,8656657460.1,2026-07-14
2021-10-19,sz.000813,德展健康,3.9,3.91,3.93,3.87,9652757,37622266.4,0.4348,0.2564,2220045308.0,8680377154.28,2026-07-14
2021-10-20,sz.000813,德展健康,3.91,3.88,3.91,3.87,10045327,39035730.26,0.4525,-0.7673,2219961768.0,8613451659.84,2026-07-14
2021-10-21,sz.000813,德展健康,3.83,3.75,3.84,3.71,22290000,84046508.17,1.0041,-3.3505,2219898416.0,8324619060.0,2026-07-14
2021-10-22,sz.000813,德展健康,3.74,3.72,3.76,3.68,8796759,32720218.89,0.3963,-0.8,2219722180.0,8257366509.6,2026-07-14
2021-10-25,sz.000813,德展健康,3.69,3.72,3.75,3.69,7561800,28193883.0,0.3406,0.0,2220140928.0,8258924252.160001,2026-07-14
2021-10-26,sz.000813,德展健康,3.71,3.69,3.73,3.66,8491050,31357509.0,0.3825,-0.8065,2219882353.0,8191365882.57,2026-07-14
2021-10-27,sz.000813,德展健康,3.69,3.59,3.69,3.57,10776350,38842390.5,0.4854,-2.71,2220096827.0,7970147608.929999,2026-07-14
2021-10-28,sz.000813,德展健康,3.59,3.64,3.66,3.56,10000425,36165795.69,0.4505,1.3928,2219850166.0,8080254604.240001,2026-07-14
2021-10-29,sz.000813,德展健康,3.63,3.69,3.7,3.61,9247450,33893643.0,0.4166,1.3736,2219743159.0,8190852256.71,2026-07-14
2021-11-01,sz.000813,德展健康,3.69,3.67,3.69,3.64,6311300,23185737.0,0.2843,-0.542,2219943721.0,8147193456.07,2026-07-14
2021-11-02,sz.000813,德展健康,3.66,3.64,3.68,3.58,8449850,30722555.5,0.3806,-0.8174,2220139254.0,8081306884.56,2026-07-14
2021-11-03,sz.000813,德展健康,3.62,3.66,3.69,3.62,4828182,17624856.48,0.2175,0.5495,2219853793.0,8124664882.38,2026-07-14
2021-11-04,sz.000813,德展健康,3.66,3.6,3.66,3.58,14912200,53922572.4,0.6718,-1.6393,2219738017.0,7991056861.2,2026-07-14
2021-11-05,sz.000813,德展健康,3.59,3.58,3.61,3.53,10742715,38484792.98,0.4839,-0.5556,2220027898.0,7947699874.84,2026-07-14
2021-11-08,sz.000813,德展健康,3.57,3.57,3.61,3.54,7875094,28144818.08,0.3548,-0.2793,2219586809.0,7923924908.13,2026-07-14
2021-11-09,sz.000813,德展健康,3.59,3.63,3.67,3.57,9432543,34130389.44,0.4249,1.6807,2219944222.0,8058397525.86,2026-07-14
2021-11-10,sz.000813,德展健康,3.64,3.62,3.64,3.56,12563197,45236767.18,0.5659,-0.2755,2220038346.0,8036538812.52,2026-07-14
2021-11-11,sz.000813,德展健康,3.56,3.6,3.61,3.53,12549364,44915646.99,0.5653,-0.5525,2219947638.0,7991811496.8,2026-07-14
2021-11-12,sz.000813,德展健康,3.59,3.55,3.59,3.53,12900980,45817874.0,0.5812,-1.3889,2219714384.0,7879986063.2,2026-07-14
2021-11-15,sz.000813,德展健康,3.53,3.58,3.58,3.53,12265159,43739162.12,0.5525,0.8451,2219938281.0,7947379045.9800005,2026-07-14
2021-11-16,sz.000813,德展健康,3.57,3.58,3.62,3.57,12699495,45634056.9,0.5721,0.0,2219803356.0,7946896014.4800005,2026-07-14
2021-11-17,sz.000813,德展健康,3.59,3.62,3.63,3.56,12237601,44066475.87,0.5513,1.1173,2219771631.0,8035573304.22,2026-07-14
2021-11-18,sz.000813,德展健康,3.65,3.62,3.71,3.61,16069944,58655688.46,0.7239,0.0,2219912143.0,8036081957.66,2026-07-14
2021-11-19,sz.000813,德展健康,3.59,3.6,3.61,3.57,15726624,56406253.66,0.7084,-0.5525,2220020327.0,7992073177.2,2026-07-14
2021-11-22,sz.000813,德展健康,3.6,3.58,3.62,3.57,11708180,42034369.4,0.5274,-0.5556,2219981039.0,7947532119.62,2026-07-14
2021-11-23,sz.000813,德展健康,3.57,3.88,3.94,3.55,56084413,213232660.46,2.5265,8.3799,2219846151.0,8613003065.88,2026-07-14
2021-11-24,sz.000813,德展健康,3.82,3.8,3.87,3.75,34406171,130542113.06,1.5499,-2.0619,2219896187.0,8435605510.599999,2026-07-14
2021-11-25,sz.000813,德展健康,3.78,3.8,3.84,3.77,15334633,58226107.3,0.6908,0.0,2219836856.0,8435380052.799999,2026-07-14
2021-11-26,sz.000813,德展健康,3.87,3.95,4.0,3.8,40597034,158614543.06,1.8288,3.9474,2219872813.0,8768497611.35,2026-07-14
2021-11-29,sz.000813,德展健康,3.92,3.96,4.08,3.9,33921490,135429281.44,1.5281,0.2532,2219847523.0,8790596191.08,2026-07-14
2021-11-30,sz.000813,德展健康,3.94,3.86,3.96,3.86,24887442,96858045.87,1.1211,-2.5253,2219912764.0,8568863269.04,2026-07-14
2021-12-01,sz.000813,德展健康,3.88,3.86,3.89,3.83,13439166,51857969.76,0.6054,0.0,2219882061.0,8568744755.46,2026-07-14
2021-12-02,sz.000813,德展健康,3.86,4.01,4.19,3.85,43429550,176330074.02,1.9564,3.886,2219870681.0,8901681430.81,2026-07-14
2021-12-03,sz.000813,德展健康,4.0,3.96,4.0,3.9,24204954,95481739.46,1.0904,-1.2469,2219823368.0,8790500537.28,2026-07-14
2021-12-06,sz.000813,德展健康,3.93,3.89,3.96,3.88,15177900,59300253.0,0.6837,-1.7677,2219964897.0,8635663449.33,2026-07-14
2021-12-07,sz.000813,德展健康,3.89,3.84,3.9,3.82,12861850,49499882.0,0.5794,-1.2853,2219856748.0,8524249912.32,2026-07-14
2021-12-08,sz.000813,德展健康,3.85,3.85,3.88,3.82,8221105,31599086.68,0.3703,0.2604,2220120173.0,8547462666.05,2026-07-14
2021-12-09,sz.000813,德展健康,3.85,3.86,3.9,3.83,10776492,41646658.13,0.4855,0.2597,2219668795.0,8567921548.7,2026-07-14
2021-12-10,sz.000813,德展健康,3.83,3.86,3.86,3.8,14124012,54096955.89,0.6363,0.0,2219709571.0,8568078944.059999,2026-07-14
2021-12-13,sz.000813,德展健康,3.84,3.83,3.86,3.82,9174734,35165479.15,0.4133,-0.7772,2219872732.0,8502112563.56,2026-07-14
2021-12-14,sz.000813,德展健康,3.83,3.88,3.92,3.83,13093043,50815255.41,0.5898,1.3055,2219912343.0,8613259890.84,2026-07-14
2021-12-15,sz.000813,德展健康,3.88,3.86,3.88,3.85,7548370,29140554.5,0.34,-0.5155,2220108824.0,8569620060.639999,2026-07-14
2021-12-16,sz.000813,德展健康,3.85,3.82,3.86,3.8,14506581,55409418.44,0.6535,-1.0363,2219828768.0,8479745893.759999,2026-07-14
2021-12-17,sz.000813,德展健康,3.82,3.82,3.83,3.8,7720133,29432683.51,0.3478,0.0,2219704715.0,8479272011.299999,2026-07-14
2021-12-20,sz.000813,德展健康,3.82,3.84,3.87,3.8,10615116,40862904.94,0.4782,0.5236,2219806775.0,8524058016.0,2026-07-14
2021-12-21,sz.000813,德展健康,3.83,3.9,3.95,3.82,16918862,65617986.36,0.7622,1.5625,2219740488.0,8656987903.199999,2026-07-14
2021-12-22,sz.000813,德展健康,3.89,3.93,3.99,3.88,17212945,67660224.7,0.7754,0.7692,2219879417.0,8724126108.81,2026-07-14
2021-12-23,sz.000813,德展健康,3.91,3.86,3.95,3.85,12359150,48052648.0,0.5568,-1.7812,2219674928.0,8567945222.08,2026-07-14
2021-12-24,sz.000813,德展健康,3.86,3.92,3.97,3.83,23559883,92107307.57,1.0613,1.5544,2219907943.0,8702039136.56,2026-07-14
2021-12-27,sz.000813,德展健康,3.91,4.04,4.06,3.89,35017198,140085377.45,1.5774,3.0612,2219931406.0,8968522880.24,2026-07-14
2021-12-28,sz.000813,德展健康,4.03,3.97,4.04,3.94,21377863,84889695.26,0.963,-1.7327,2219923468.0,8813096167.960001,2026-07-14
2021-12-29,sz.000813,德展健康,3.95,3.98,4.07,3.95,21527118,86379773.47,0.9697,0.2519,2219977106.0,8835508881.88,2026-07-14
2021-12-30,sz.000813,德展健康,3.98,4.03,4.06,3.95,21336054,85446751.68,0.9611,1.2563,2219961919.0,8946446533.57,2026-07-14
2021-12-31,sz.000813,德展健康,4.03,4.07,4.13,4.01,27545982,112428126.28,1.2409,0.9926,2219838988.0,9034744681.16,2026-07-14
2022-01-04,sz.000813,德展健康,4.09,4.14,4.25,4.07,42296650,176301343.95,1.9054,1.7199,2219830482.0,9190098195.48,2026-07-14
2022-01-05,sz.000813,德展健康,4.16,4.06,4.18,4.03,25291974,103496240.04,1.1393,-1.9324,2219957342.0,9013026808.519999,2026-07-14
2022-01-06,sz.000813,德展健康,4.06,4.11,4.11,4.04,20198052,82290336.78,0.9099,1.2315,2219810089.0,9123419465.79,2026-07-14
2022-01-07,sz.000813,德展健康,4.1,4.0,4.12,3.99,21744000,88147127.0,0.9795,-2.6764,2219908116.0,8879632464.0,2026-07-14
2022-01-10,sz.000813,德展健康,4.02,4.06,4.1,4.01,19797556,80325157.82,0.8918,1.5,2219954698.0,9013016073.88,2026-07-14
2022-01-11,sz.000813,德展健康,4.04,4.12,4.21,4.04,33453497,138785876.22,1.507,1.4778,2219873723.0,9145879738.76,2026-07-14
2022-01-12,sz.000813,德展健康,4.14,4.21,4.25,4.11,36646270,153381509.25,1.6508,2.1845,2219909741.0,9345820009.61,2026-07-14
2022-01-13,sz.000813,德展健康,4.23,4.13,4.24,4.12,30663514,127734230.47,1.3813,-1.9002,2219902556.0,9168197556.28,2026-07-14
2022-01-14,sz.000813,德展健康,4.12,4.19,4.21,4.1,33066785,138042787.13,1.4896,1.4528,2219843247.0,9301143204.93,2026-07-14
2022-01-17,sz.000813,德展健康,4.17,4.18,4.21,4.1,24810730,103160505.24,1.1177,-0.2387,2219802273.0,9278773501.14,2026-07-14
2022-01-18,sz.000813,德展健康,4.16,4.03,4.19,4.01,30950359,126031415.73,1.3942,-3.5885,2219936810.0,8946345344.300001,2026-07-14
2022-01-19,sz.000813,德展健康,4.05,4.0,4.06,3.98,15520902,62324526.46,0.6992,-0.7444,2219808638.0,8879234552.0,2026-07-14
2022-01-20,sz.000813,德展健康,4.01,3.91,4.08,3.9,20284150,80777999.5,0.9138,-2.25,2219758153.0,8679254378.23,2026-07-14
2022-01-21,sz.000813,德展健康,3.9,3.87,3.94,3.84,16634075,64392730.41,0.7493,-1.023,2219948619.0,8591201155.53,2026-07-14
2022-01-24,sz.000813,德展健康,3.85,3.82,3.86,3.79,13549284,51754296.88,0.6104,-1.292,2219738532.0,8479401192.24,2026-07-14
2022-01-25,sz.000813,德展健康,3.82,3.62,3.83,3.6,21514748,79573540.08,0.9692,-5.2356,2219846059.0,8035842733.58,2026-07-14
2022-01-26,sz.000813,德展健康,3.61,3.63,3.65,3.61,11765429,42710439.56,0.53,0.2762,2219892264.0,8058208918.32,2026-07-14
2022-01-27,sz.000813,德展健康,3.63,3.59,3.66,3.58,11940723,43176306.86,0.5379,-1.1019,2219877858.0,7969361510.219999,2026-07-14
2022-01-28,sz.000813,德展健康,3.61,3.61,3.64,3.57,9563350,34538873.5,0.4308,0.5571,2219904828.0,8013856429.08,2026-07-14
2022-02-07,sz.000813,德展健康,3.61,3.63,3.68,3.61,12628325,45910544.99,0.5689,0.554,2219779399.0,8057799218.37,2026-07-14
2022-02-08,sz.000813,德展健康,3.62,3.72,3.72,3.62,12602289,46301345.52,0.5677,2.4793,2219885327.0,8257973416.440001,2026-07-14
2022-02-09,sz.000813,德展健康,3.72,3.75,3.78,3.69,11745100,44011612.0,0.5291,0.8065,2219826120.0,8324347950.0,2026-07-14
2022-02-10,sz.000813,德展健康,3.75,3.73,3.76,3.72,7936900,29669253.0,0.3575,-0.5333,2220111888.0,8281017342.24,2026-07-14
2022-02-11,sz.000813,德展健康,3.73,3.67,3.73,3.65,10008801,36865223.67,0.4509,-1.6086,2219738523.0,8146440379.41,2026-07-14
2022-02-14,sz.000813,德展健康,3.67,3.66,3.71,3.65,6664200,24512650.0,0.3002,-0.2725,2219920053.0,8124907393.9800005,2026-07-14
2022-02-15,sz.000813,德展健康,3.67,3.65,3.69,3.64,7895238,28909632.7,0.3557,-0.2732,2219633961.0,8101663957.65,2026-07-14
2022-02-16,sz.000813,德展健康,3.67,3.64,3.69,3.62,13933536,50764102.04,0.6277,-0.274,2219776326.0,8079985826.64,2026-07-14
2022-02-17,sz.000813,德展健康,3.65,3.61,3.67,3.59,15202536,55306269.2,0.6856,-0.8242,2217406068.0,8004835905.48,2026-07-14
2022-02-18,sz.000813,德展健康,3.6,3.65,3.66,3.59,9014600,32710573.5,0.4065,1.108,2217613776.0,8094290282.4,2026-07-14
2022-02-21,sz.000813,德展健康,3.65,3.74,3.74,3.64,18773802,69457006.4,0.8466,2.4658,2217552799.0,8293647468.26,2026-07-14
2022-02-22,sz.000813,德展健康,3.72,3.71,3.74,3.67,14562200,53860756.0,0.6567,-0.8021,2217481346.0,8226855793.66,2026-07-14
2022-02-23,sz.000813,德展健康,3.7,3.75,3.77,3.7,12702097,47423764.34,0.5728,1.0782,2217544867.0,8315793251.25,2026-07-14
2022-02-24,sz.000813,德展健康,3.74,3.66,3.75,3.63,16586588,61229184.76,0.748,-2.4,2217458289.0,8115897337.740001,2026-07-14
2022-02-25,sz.000813,德展健康,3.67,3.67,3.72,3.67,10542875,38937219.02,0.4754,0.2732,2217685107.0,8138904342.69,2026-07-14
2022-02-28,sz.000813,德展健康,3.71,3.69,3.71,3.63,7979909,29327604.0,0.3599,0.545,2217257294.0,8181679414.86,2026-07-14
2022-03-01,sz.000813,德展健康,3.71,3.69,3.72,3.66,9158214,33771474.0,0.413,0.0,2217485230.0,8182520498.7,2026-07-14
2022-03-02,sz.000813,德展健康,3.68,3.73,3.73,3.67,9162700,33988572.0,0.4132,1.084,2217497580.0,8271265973.4,2026-07-14
2022-03-03,sz.000813,德展健康,3.75,3.75,3.77,3.72,11630581,43572028.0,0.5245,0.5362,2217460629.0,8315477358.75,2026-07-14
2022-03-04,sz.000813,德展健康,3.74,3.76,3.82,3.73,17198044,64951536.0,0.7755,0.2667,2217671696.0,8338445576.959999,2026-07-14
2022-03-07,sz.000813,德展健康,3.78,3.75,3.81,3.71,13976367,52443265.0,0.6303,-0.266,2217415040.0,8315306400.0,2026-07-14
2022-03-08,sz.000813,德展健康,3.73,3.59,3.73,3.58,23023286,83564586.0,1.0382,-4.2667,2217615681.0,7961240294.79,2026-07-14
2022-03-09,sz.000813,德展健康,3.57,3.44,3.6,3.24,26518940,91235075.0,1.1959,-4.1783,2217488084.0,7628159008.96,2026-07-14
2022-03-10,sz.000813,德展健康,3.5,3.54,3.61,3.48,20468581,72430992.0,0.923,2.907,2217614410.0,7850355011.4,2026-07-14
2022-03-11,sz.000813,德展健康,3.53,3.64,3.64,3.49,20085116,71580801.0,0.9057,2.8249,2217634537.0,8072189714.68,2026-07-14
2022-03-14,sz.000813,德展健康,3.63,3.57,3.71,3.57,18316642,66740676.0,0.826,-1.9231,2217511138.0,7916514762.66,2026-07-14
2022-03-15,sz.000813,德展健康,3.55,3.37,3.58,3.37,19816789,68818037.0,0.8936,-5.6022,2217635295.0,7473430944.150001,2026-07-14
2022-03-16,sz.000813,德展健康,3.42,3.44,3.47,3.26,17738175,59792570.0,0.7999,2.0772,2217549069.0,7628368797.36,2026-07-14
2022-03-17,sz.000813,德展健康,3.48,3.5,3.58,3.43,18165825,63793487.0,0.8192,1.7442,2217507935.0,7761277772.5,2026-07-14
2022-03-18,sz.000813,德展健康,3.51,3.68,3.84,3.48,35916182,130961709.17,1.6196,5.1429,2217595826.0,8160752639.68,2026-07-14
2022-03-21,sz.000813,德展健康,3.71,3.73,3.77,3.66,33807595,125435448.55,1.5246,1.3587,2217473108.0,8271174692.84,2026-07-14
2022-03-22,sz.000813,德展健康,3.72,3.66,3.73,3.65,16741505,61546110.75,0.755,-1.8767,2217417881.0,8115749444.46,2026-07-14
2022-03-23,sz.000813,德展健康,3.66,3.63,3.69,3.61,13069934,47662186.16,0.5894,-0.8197,2217498134.0,8049518226.42,2026-07-14
2022-03-24,sz.000813,德展健康,3.61,3.72,3.74,3.6,22605666,83208448.84,1.0194,2.4793,2217546204.0,8249271878.88,2026-07-14
2022-03-25,sz.000813,德展健康,3.71,3.83,3.99,3.68,54799061,210078634.15,2.4712,2.957,2217508134.0,8493056153.22,2026-07-14
2022-03-28,sz.000813,德展健康,3.84,3.78,3.95,3.75,41990177,160899543.51,1.8936,-1.3055,2217478718.0,8382069554.04,2026-07-14
2022-03-29,sz.000813,德展健康,3.73,3.74,3.8,3.69,23948772,89572029.12,1.08,-1.0582,2217478889.0,8293371044.860001,2026-07-14
2022-03-30,sz.000813,德展健康,3.75,3.77,3.79,3.67,21716409,81067545.02,0.9793,0.8021,2217544062.0,8360141113.74,2026-07-14
2022-03-31,sz.000813,德展健康,3.75,3.8,3.92,3.75,32645985,126036173.75,1.4722,0.7958,2217496604.0,8426487095.2,2026-07-14
2022-04-01,sz.000813,德展健康,3.79,3.73,3.79,3.7,23077697,86290984.53,1.0407,-1.8421,2217516768.0,8271337544.64,2026-07-14
2022-04-06,sz.000813,德展健康,3.72,3.76,3.85,3.71,20196454,76507178.24,0.9108,0.8043,2217441151.0,8337578727.759999,2026-07-14
2022-04-07,sz.000813,德展健康,3.81,3.66,3.82,3.66,20598195,76762100.73,0.9289,-2.6596,2217482506.0,8115985971.96,2026-07-14
2022-04-08,sz.000813,德展健康,3.64,3.56,3.68,3.54,19286084,69250361.92,0.8697,-2.7322,2217555939.0,7894499142.84,2026-07-14
2022-04-11,sz.000813,德展健康,3.51,3.51,3.57,3.48,14681350,51699286.15,0.6621,-1.4045,2217391633.0,7783044631.83,2026-07-14
2022-04-12,sz.000813,德展健康,3.5,3.59,3.59,3.46,11195688,39374070.07,0.5049,2.2792,2217407011.0,7960491169.49,2026-07-14
2022-04-13,sz.000813,德展健康,3.59,3.53,3.63,3.52,15211931,54517439.1,0.686,-1.6713,2217482653.0,7827713765.089999,2026-07-14
2022-04-14,sz.000813,德展健康,3.54,3.55,3.6,3.53,7539600,26827333.0,0.34,0.5666,2217529412.0,7872229412.599999,2026-07-14
2022-04-15,sz.000813,德展健康,3.55,3.52,3.58,3.5,9637700,34005521.0,0.4346,-0.8451,2217602393.0,7805960423.36,2026-07-14
2022-04-18,sz.000813,德展健康,3.52,3.51,3.52,3.43,6536550,22750227.5,0.2948,-0.2841,2217282904.0,7782662993.04,2026-07-14
2022-04-19,sz.000813,德展健康,3.51,3.5,3.54,3.48,5988150,20982020.09,0.27,-0.2849,2217833333.0,7762416665.5,2026-07-14
2022-04-20,sz.000813,德展健康,3.51,3.44,3.53,3.43,7591450,26339719.5,0.3423,-1.7143,2217776804.0,7629152205.76,2026-07-14
2022-04-21,sz.000813,德展健康,3.42,3.32,3.47,3.32,13017393,44036986.56,0.587,-3.4884,2217613799.0,7362477812.679999,2026-07-14
2022-04-22,sz.000813,德展健康,3.35,3.43,3.48,3.31,14152840,48284755.2,0.6382,3.3133,2217618301.0,7606430772.43,2026-07-14
2022-04-25,sz.000813,德展健康,3.47,3.13,3.47,3.13,17202777,56370519.49,0.7758,-8.7464,2217424207.0,6940537767.91,2026-07-14
2022-04-26,sz.000813,德展健康,3.14,2.98,3.16,2.97,12953350,39681972.5,0.5841,-4.7923,2217659647.0,6608625748.06,2026-07-14
2022-04-27,sz.000813,德展健康,2.91,2.98,3.01,2.78,21572141,62207663.44,0.9728,0.0,2217530942.0,6608242207.16,2026-07-14
2022-04-28,sz.000813,德展健康,2.97,2.94,2.97,2.86,10887201,31833148.93,0.491,-1.3423,2217352546.0,6519016485.24,2026-07-14
2022-04-29,sz.000813,德展健康,2.95,3.05,3.15,2.95,25608250,78757217.73,1.1548,3.7415,2217548493.0,6763522903.65,2026-07-14
2022-05-05,sz.000813,德展健康,3.1,3.17,3.2,3.08,16974100,53692172.0,0.7655,3.9344,2217387329.0,7029117832.93,2026-07-14
2022-05-06,sz.000813,德展健康,3.12,3.11,3.16,3.07,9955450,30995425.0,0.4489,-1.8927,2217743373.0,6897181890.03,2026-07-14
2022-05-09,sz.000813,德展健康,3.13,3.19,3.21,3.12,9860050,31215662.5,0.4446,2.5723,2217735043.0,7074574787.17,2026-07-14
2022-05-10,sz.000813,德展健康,3.16,3.19,3.2,3.15,7391647,23496395.46,0.3333,0.0,2217715872.0,7074513631.68,2026-07-14
2022-05-11,sz.000813,德展健康,3.24,3.19,3.29,3.18,11747047,38156686.75,0.5297,0.0,2217679252.0,7074396813.88,2026-07-14
2022-05-12,sz.000813,德展健康,3.2,3.23,3.27,3.17,9362700,30148080.5,0.4222,1.2539,2217598295.0,7162842492.85,2026-07-14
2022-05-13,sz.000813,德展健康,3.25,3.26,3.3,3.22,7258800,23592716.0,0.3273,0.9288,2217781852.0,7229968837.5199995,2026-07-14
2022-05-16,sz.000813,德展健康,3.27,3.23,3.35,3.22,8581979,28093088.01,0.387,-0.9202,2217565633.0,7162736994.59,2026-07-14
2022-05-17,sz.000813,德展健康,3.22,3.17,3.24,3.14,9477800,30104619.0,0.4274,-1.8576,2217547964.0,7029627045.88,2026-07-14
2022-05-18,sz.000813,德展健康,3.17,3.14,3.21,3.13,7311408,23113664.04,0.3297,-0.9464,2217594177.0,6963245715.780001,2026-07-14
2022-05-19,sz.000813,德展健康,3.11,3.15,3.17,3.08,7425916,23269150.24,0.3349,0.3185,2217353240.0,6984662706.0,2026-07-14
2022-05-20,sz.000813,德展健康,3.15,3.16,3.19,3.12,8903132,28089775.8,0.4015,0.3175,2217467497.0,7007197290.52,2026-07-14
2022-05-23,sz.000813,德展健康,3.18,3.25,3.27,3.14,13380910,43033048.82,0.6034,2.8481,2217585350.0,7207152387.5,2026-07-14
2022-05-24,sz.000813,德展健康,3.26,3.08,3.26,3.07,13768948,43481545.84,0.6209,-5.2308,2217578998.0,6830143313.84,2026-07-14
2022-05-25,sz.000813,德展健康,3.1,3.21,3.21,3.08,11598154,36572682.8,0.523,4.2208,2217620268.0,7118561060.28,2026-07-14
2022-05-26,sz.000813,德展健康,3.25,3.23,3.27,3.19,12001979,38709998.38,0.5412,0.6231,2217660569.0,7163043637.87,2026-07-14
2022-05-27,sz.000813,德展健康,3.25,3.21,3.26,3.18,8864200,28595291.0,0.3997,-0.6192,2217713285.0,7118859644.85,2026-07-14
2022-05-30,sz.000813,德展健康,3.2,3.22,3.24,3.17,9552892,30652988.49,0.4308,0.3115,2217477252.0,7140276751.440001,2026-07-14
2022-05-31,sz.000813,德展健康,3.22,3.29,3.38,3.2,17936601,58905673.98,0.8089,2.1739,2217406478.0,7295267312.62,2026-07-14
2022-06-01,sz.000813,德展健康,3.29,3.25,3.32,3.23,11038915,36074866.6,0.4978,-1.2158,2217540177.0,7207005575.25,2026-07-14
2022-06-02,sz.000813,德展健康,3.25,3.25,3.26,3.21,7280457,23553277.25,0.3283,0.0,2217623210.0,7207275432.5,2026-07-14
2022-06-06,sz.000813,德展健康,3.25,3.28,3.29,3.23,8165612,26650005.29,0.3682,0.9231,2217711027.0,7274092168.559999,2026-07-14
2022-06-07,sz.000813,德展健康,3.26,3.34,3.55,3.26,25475891,85362554.5,1.1488,1.8293,2217608896.0,7406813712.639999,2026-07-14
2022-06-08,sz.000813,德展健康,3.32,3.31,3.35,3.26,13952038,46194545.64,0.6292,-0.8982,2217424984.0,7339676697.04,2026-07-14
2022-06-09,sz.000813,德展健康,3.35,3.31,3.36,3.25,11211699,36941486.62,0.5056,0.0,2217503758.0,7339937438.9800005,2026-07-14
2022-06-10,sz.000813,德展健康,3.28,3.44,3.55,3.27,29694926,101790688.98,1.3391,3.9275,2217528639.0,7628298518.16,2026-07-14
2022-06-13,sz.000813,德展健康,3.42,3.38,3.44,3.37,16733431,56836355.07,0.7546,-1.7442,2217523324.0,7495228835.12,2026-07-14
2022-06-14,sz.000813,德展健康,3.36,3.44,3.46,3.33,15804100,53747213.0,0.7127,1.7751,2217496843.0,7628189139.92,2026-07-14
2022-06-15,sz.000813,德展健康,3.47,3.43,3.51,3.41,15865500,54867449.3,0.7155,-0.2907,2217400419.0,7605683437.17,2026-07-14
2022-06-16,sz.000813,德展健康,3.41,3.44,3.47,3.4,12433901,42700792.45,0.5607,0.2915,2217567505.0,7628432217.2,2026-07-14
2022-06-17,sz.000813,德展健康,3.42,3.5,3.52,3.41,15289308,53174411.21,0.6895,1.7442,2217448586.0,7761070051.0,2026-07-14
2022-06-20,sz.000813,德展健康,3.5,3.51,3.55,3.46,11742724,41257105.48,0.5295,0.2857,2217700472.0,7784128656.719999,2026-07-14
2022-06-21,sz.000813,德展健康,3.52,3.48,3.54,3.45,13319076,46427953.5,0.6006,-0.8547,2217628372.0,7717346734.56,2026-07-14
2022-06-22,sz.000813,德展健康,3.48,3.44,3.5,3.42,11556751,40030787.43,0.5212,-1.1494,2217335188.0,7627633046.72,2026-07-14
2022-06-23,sz.000813,德展健康,3.43,3.49,3.5,3.43,10098074,35164269.28,0.4554,1.4535,2217407554.0,7738752363.46,2026-07-14
2022-06-24,sz.000813,德展健康,3.51,3.48,3.52,3.47,7600050,26563484.76,0.3427,-0.2865,2217697695.0,7717587978.6,2026-07-14
2022-06-27,sz.000813,德展健康,3.51,3.44,3.51,3.43,12679100,43791388.0,0.5718,-1.1494,2217401189.0,7627860090.16,2026-07-14
2022-06-28,sz.000813,德展健康,3.44,3.47,3.47,3.43,7771801,26861050.96,0.3505,0.8721,2217346933.0,7694193857.51,2026-07-14
2022-06-29,sz.000813,德展健康,3.53,3.45,3.54,3.45,10634600,37123352.0,0.4796,-0.5764,2217389491.0,7649993743.950001,2026-07-14
2022-06-30,sz.000813,德展健康,3.44,3.45,3.5,3.44,8985247,31153575.63,0.4052,0.0,2217484452.0,7650321359.400001,2026-07-14
2022-07-01,sz.000813,德展健康,3.45,3.44,3.47,3.43,5749298,19807586.12,0.2593,-0.2899,2217237948.0,7627298541.12,2026-07-14
2022-07-04,sz.000813,德展健康,3.46,3.45,3.5,3.43,8893300,30787629.0,0.401,0.2907,2217780549.0,7651342894.05,2026-07-14
2022-07-05,sz.000813,德展健康,3.45,3.43,3.47,3.39,8098278,27760424.08,0.3652,-0.5797,2217491238.0,7605994946.34,2026-07-14
2022-07-06,sz.000813,德展健康,3.43,3.37,3.43,3.35,9234001,31218977.17,0.4164,-1.7493,2217579491.0,7473242884.67,2026-07-14
2022-07-07,sz.000813,德展健康,3.37,3.37,3.38,3.34,5759024,19358518.33,0.2597,0.0,2217567963.0,7473204035.31,2026-07-14
2022-07-08,sz.000813,德展健康,3.35,3.39,3.41,3.35,8139700,27562249.0,0.3671,0.5935,2217297739.0,7516639335.21,2026-07-14
2022-07-11,sz.000813,德展健康,3.39,3.44,3.48,3.37,12227865,42023377.3,0.5514,1.4749,2217603373.0,7628555603.12,2026-07-14
2022-07-12,sz.000813,德展健康,3.44,3.36,3.45,3.35,9729200,32981701.0,0.4387,-2.3256,2217734215.0,7451586962.4,2026-07-14
2022-07-13,sz.000813,德展健康,3.36,3.36,3.38,3.34,6378911,21383499.85,0.2877,0.0,2217209246.0,7449823066.559999,2026-07-14
2022-07-14,sz.000813,德展健康,3.36,3.35,3.38,3.33,4949350,16628608.5,0.2232,-0.2976,2217450717.0,7428459901.95,2026-07-14
2022-07-15,sz.000813,德展健康,3.35,3.2,3.35,3.19,13120500,42661583.0,0.5917,-4.4776,2217424370.0,7095757984.0,2026-07-14
2022-07-18,sz.000813,德展健康,3.2,3.33,3.33,3.18,10533490,34579834.0,0.475,4.0625,2217576842.0,7384530883.860001,2026-07-14
2022-07-19,sz.000813,德展健康,3.34,3.31,3.34,3.28,6515850,21518078.0,0.2938,-0.6006,2217784207.0,7340865725.17,2026-07-14
2022-07-20,sz.000813,德展健康,3.29,3.36,3.36,3.29,8172031,27242309.28,0.3685,1.5106,2217647490.0,7451295566.4,2026-07-14
2022-07-21,sz.000813,德展健康,3.37,3.31,3.39,3.31,7232850,24148982.5,0.3262,-1.4881,2217305334.0,7339280655.54,2026-07-14
2022-07-22,sz.000813,德展健康,3.31,3.28,3.35,3.25,6711940,22128211.4,0.3027,-0.9063,2217357119.0,7272931350.32,2026-07-14
2022-07-25,sz.000813,德展健康,3.28,3.29,3.32,3.28,5031400,16583919.0,0.2269,0.3049,2217452622.0,7295419126.38,2026-07-14
2022-07-26,sz.000813,德展健康,3.31,3.28,3.32,3.24,6893403,22525360.81,0.3109,-0.304,2217241235.0,7272551250.799999,2026-07-14
2022-07-27,sz.000813,德展健康,3.28,3.28,3.31,3.26,5865398,19220026.96,0.2645,0.0,2217541777.0,7273537028.559999,2026-07-14
2022-07-28,sz.000813,德展健康,3.29,3.29,3.31,3.27,6651548,21876218.92,0.3,0.3049,2217182667.0,7294530974.43,2026-07-14
2022-07-29,sz.000813,德展健康,3.3,3.26,3.44,3.25,13357586,44079952.01,0.6024,-0.9119,2217394754.0,7228706898.04,2026-07-14
2022-08-01,sz.000813,德展健康,3.24,3.24,3.28,3.23,7168900,23292304.0,0.3233,-0.6135,2217414166.0,7184421897.84,2026-07-14
2022-08-02,sz.000813,德展健康,3.24,3.11,3.25,3.06,16079061,50081913.1,0.7251,-4.0123,2217495656.0,6896411490.16,2026-07-14
2022-08-03,sz.000813,德展健康,3.1,3.07,3.18,3.07,10334600,32268296.0,0.466,-1.2862,2217725322.0,6808416738.54,2026-07-14
2022-08-04,sz.000813,德展健康,3.06,3.11,3.12,3.05,7225400,22314529.0,0.3258,1.3029,2217740945.0,6897174338.95,2026-07-14
2022-08-05,sz.000813,德展健康,3.1,3.13,3.15,3.09,6650000,20766361.0,0.2999,0.6431,2217405802.0,6940480160.26,2026-07-14
2022-08-08,sz.000813,德展健康,3.13,3.13,3.17,3.12,8238819,25858963.28,0.3715,0.0,2217717093.0,6941454501.09,2026-07-14
2022-08-09,sz.000813,德展健康,3.14,3.11,3.15,3.09,6572200,20410379.0,0.2964,-0.639,2217341430.0,6895931847.3,2026-07-14
2022-08-10,sz.000813,德展健康,3.12,3.1,3.13,3.08,6674361,20727872.1,0.301,-0.3215,2217395681.0,6873926611.1,2026-07-14
2022-08-11,sz.000813,德展健康,3.11,3.18,3.18,3.1,9656042,30457996.84,0.4354,2.5806,2217740469.0,7052414691.42,2026-07-14
2022-08-12,sz.000813,德展健康,3.18,3.18,3.21,3.14,6924558,22052522.94,0.3123,0.0,2217277618.0,7050942825.240001,2026-07-14
2022-08-15,sz.000813,德展健康,3.2,3.16,3.2,3.15,7322102,23183187.28,0.3302,-0.6289,2217474864.0,7007220570.240001,2026-07-14
2022-08-16,sz.000813,德展健康,3.16,3.17,3.18,3.15,6070500,19223024.0,0.2738,0.3165,2217129291.0,7028299852.47,2026-07-14
2022-08-17,sz.000813,德展健康,3.17,3.19,3.2,3.17,5846000,18621174.0,0.2636,0.6309,2217754173.0,7074635811.87,2026-07-14
2022-08-18,sz.000813,德展健康,3.19,3.15,3.19,3.13,7484549,23547773.37,0.3375,-1.2539,2217644148.0,6985579066.2,2026-07-14
2022-08-19,sz.000813,德展健康,3.14,3.12,3.16,3.12,6583000,20688912.0,0.2969,-0.9524,2217244864.0,6917803975.68,2026-07-14
2022-08-22,sz.000813,德展健康,3.11,3.16,3.17,3.11,5819100,18299945.0,0.2624,1.2821,2217644817.0,7007757621.72,2026-07-14
2022-08-23,sz.000813,德展健康,3.15,3.14,3.16,3.13,5144700,16153823.0,0.232,-0.6329,2217543103.0,6963085343.42,2026-07-14
2022-08-24,sz.000813,德展健康,3.13,3.1,3.16,3.09,7443500,23164908.0,0.3357,-1.2739,2217307119.0,6873652068.900001,2026-07-14
2022-08-25,sz.000813,德展健康,3.11,3.11,3.13,3.09,6681950,20721351.33,0.3013,0.3226,2217706605.0,6897067541.55,2026-07-14
2022-08-26,sz.000813,德展健康,3.11,3.11,3.15,3.09,6723796,21003058.52,0.3032,0.0,2217610818.0,6896769643.98,2026-07-14
2022-08-29,sz.000813,德展健康,3.1,3.14,3.14,3.07,6493631,20182196.51,0.2928,0.9646,2217770150.0,6963798271.0,2026-07-14
2022-08-30,sz.000813,德展健康,3.14,3.18,3.18,3.13,9009045,28455534.65,0.4063,1.2739,2217338174.0,7051135393.320001,2026-07-14
2022-08-31,sz.000813,德展健康,3.17,3.14,3.19,3.13,8675895,27384671.3,0.3912,-1.2579,2217764571.0,6963780752.940001,2026-07-14
2022-09-01,sz.000813,德展健康,3.15,3.16,3.18,3.14,6390350,20174972.5,0.2882,0.6369,2217331714.0,7006768216.240001,2026-07-14
2022-09-02,sz.000813,德展健康,3.16,3.21,3.22,3.14,12279562,39215903.28,0.5537,1.5823,2217728373.0,7118908077.33,2026-07-14
2022-09-05,sz.000813,德展健康,3.22,3.29,3.29,3.21,11967012,39008646.64,0.5397,2.4922,2217345192.0,7295065681.68,2026-07-14
2022-09-06,sz.000813,德展健康,3.3,3.34,3.35,3.27,14019201,46495235.32,0.6322,1.5198,2217526258.0,7406537701.719999,2026-07-14
2022-09-07,sz.000813,德展健康,3.34,3.3,3.36,3.28,12274052,40601375.66,0.5535,-1.1976,2217534237.0,7317862982.099999,2026-07-14
2022-09-08,sz.000813,德展健康,3.33,3.3,3.33,3.27,6957138,22877453.64,0.3137,0.0,2217767931.0,7318634172.299999,2026-07-14
2022-09-09,sz.000813,德展健康,3.28,3.28,3.3,3.26,6158450,20189711.5,0.2777,-0.6061,2217662946.0,7273934462.879999,2026-07-14
2022-09-13,sz.000813,德展健康,3.28,3.26,3.29,3.24,6536276,21323929.0,0.2948,-0.6098,2217189959.0,7228039266.339999,2026-07-14
2022-09-14,sz.000813,德展健康,3.23,3.23,3.25,3.19,6858205,22111821.34,0.3093,-0.9202,2217331070.0,7161979356.1,2026-07-14
2022-09-15,sz.000813,德展健康,3.25,3.22,3.29,3.19,9824674,31828235.11,0.443,-0.3096,2217759368.0,7141185164.96,2026-07-14
2022-09-16,sz.000813,德展健康,3.22,3.1,3.22,3.1,9132700,28746544.0,0.4118,-3.7267,2217751336.0,6875029141.6,2026-07-14
2022-09-19,sz.000813,德展健康,3.1,3.06,3.11,3.03,8657900,26608438.0,0.3904,-1.2903,2217699795.0,6786161372.7,2026-07-14
2022-09-20,sz.000813,德展健康,3.09,3.07,3.11,3.06,4572250,14086498.0,0.2062,0.3268,2217386033.0,6807375121.309999,2026-07-14
2022-09-21,sz.000813,德展健康,3.07,3.14,3.16,3.04,6701502,20751349.12,0.3022,2.2801,2217571807.0,6963175473.9800005,2026-07-14
2022-09-22,sz.000813,德展健康,3.13,3.05,3.13,3.05,8528700,26281706.0,0.3846,-2.8662,2217550702.0,6763529641.099999,2026-07-14
2022-09-23,sz.000813,德展健康,3.05,3.01,3.07,3.01,7078849,21495186.49,0.3192,-1.3115,2217684524.0,6675230417.24,2026-07-14
2022-09-26,sz.000813,德展健康,3.02,2.94,3.02,2.94,9786225,29134059.25,0.4413,-2.3256,2217590075.0,6519714820.5,2026-07-14
2022-09-27,sz.000813,德展健康,2.96,3.05,3.05,2.96,5535800,16639646.5,0.2496,3.7415,2217868590.0,6764499199.5,2026-07-14
2022-09-28,sz.000813,德展健康,3.04,3.03,3.12,3.03,8329625,25580287.52,0.3756,-0.6557,2217685037.0,6719585662.11,2026-07-14
2022-09-29,sz.000813,德展健康,3.05,3.02,3.1,3.0,7028900,21444038.0,0.317,-0.33,2217318612.0,6696302208.24,2026-07-14
2022-09-30,sz.000813,德展健康,3.03,3.08,3.15,3.01,8523000,26344510.0,0.3843,1.9868,2217798595.0,6830819672.6,2026-07-14
2022-10-10,sz.000813,德展健康,3.11,3.05,3.13,3.04,7038751,21639763.04,0.3174,-0.974,2217627914.0,6763765137.7,2026-07-14
2022-10-11,sz.000813,德展健康,3.03,2.99,3.04,2.94,6593414,19644793.16,0.2973,-1.9672,2217764548.0,6631115998.52,2026-07-14
2022-10-12,sz.000813,德展健康,2.99,3.02,3.03,2.93,5977114,17768804.02,0.2695,1.0033,2217853061.0,6697916244.22,2026-07-14
2022-10-13,sz.000813,德展健康,3.01,3.11,3.15,3.01,9459713,29147250.58,0.4266,2.9801,2217466714.0,6896321480.54,2026-07-14
2022-10-14,sz.000813,德展健康,3.12,3.25,3.28,3.11,18376096,59368955.46,0.8287,4.5016,2217460601.0,7206746953.25,2026-07-14
2022-10-17,sz.000813,德展健康,3.25,3.28,3.32,3.24,11548700,37928418.0,0.5208,0.9231,2217492320.0,7273374809.599999,2026-07-14
2022-10-18,sz.000813,德展健康,3.28,3.3,3.32,3.24,13152267,43242828.93,0.5931,0.6098,2217546282.0,7317902730.599999,2026-07-14
2022-10-19,sz.000813,德展健康,3.34,3.63,3.63,3.33,17325775,62129672.01,0.7813,10.0,2217557276.0,8049732911.88,2026-07-14
2022-10-20,sz.000813,德展健康,3.64,3.99,3.99,3.64,55787499,214498468.37,2.5157,9.9174,2217573598.0,8848118656.02,2026-07-14
2022-10-21,sz.000813,德展健康,4.39,4.39,4.39,4.15,291709795,1265830264.35,13.1547,10.0251,2217532859.0,9734969251.01,2026-07-14
2022-10-24,sz.000813,德展健康,4.83,3.95,4.83,3.95,297066261,1317055748.9,13.3963,-10.0228,2217524697.0,8759222553.15,2026-07-14
2022-10-25,sz.000813,德展健康,3.58,3.56,3.7,3.56,166099805,595447089.02,7.4903,-9.8734,2217532075.0,7894414187.0,2026-07-14
2022-10-26,sz.000813,德展健康,3.39,3.38,3.56,3.31,155734225,533749877.25,7.0229,-5.0562,2217520184.0,7495218221.92,2026-07-14
2022-10-27,sz.000813,德展健康,3.39,3.47,3.48,3.31,104020256,353715963.59,4.6908,2.6627,2217537648.0,7694855638.56,2026-07-14
2022-10-28,sz.000813,德展健康,3.39,3.21,3.42,3.16,86275983,284698835.0,3.8906,-7.4928,2217549555.0,7118334071.55,2026-07-14
2022-10-31,sz.000813,德展健康,3.17,3.23,3.26,3.16,51430480,165100548.44,2.3193,0.6231,2217500108.0,7162525348.84,2026-07-14
2022-11-01,sz.000813,德展健康,3.23,3.26,3.27,3.18,51240733,165006833.8,2.3107,0.9288,2217541567.0,7229185508.419999,2026-07-14
2022-11-02,sz.000813,德展健康,3.24,3.31,3.35,3.22,57270872,189124021.42,2.5826,1.5337,2217566483.0,7340145058.7300005,2026-07-14
2022-11-03,sz.000813,德展健康,3.28,3.3,3.32,3.24,37899839,124211607.43,1.7091,-0.3021,2217531976.0,7317855520.799999,2026-07-14
2022-11-04,sz.000813,德展健康,3.27,3.35,3.38,3.27,52544651,175598227.45,2.3695,1.5152,2217541718.0,7428764755.3,2026-07-14
2022-11-07,sz.000813,德展健康,3.33,3.37,3.4,3.32,48076357,161746391.52,2.168,0.597,2217544142.0,7473123758.54,2026-07-14
2022-11-08,sz.000813,德展健康,3.37,3.41,3.44,3.31,44395935,150454911.59,2.002,1.1869,2217579171.0,7561944973.110001,2026-07-14
2022-11-09,sz.000813,德展健康,3.43,3.49,3.56,3.4,51889828,181063720.67,2.34,2.346,2217514017.0,7739123919.330001,2026-07-14
2022-11-10,sz.000813,德展健康,3.44,3.52,3.55,3.43,43582691,153144995.85,1.9654,0.8596,2217497252.0,7805590327.04,2026-07-14
2022-11-11,sz.000813,德展健康,3.56,3.63,3.87,3.53,148185501,550744793.26,6.6825,3.125,2217515915.0,8049582771.45,2026-07-14
2022-11-14,sz.000813,德展健康,3.66,3.8,3.84,3.6,117896419,440565991.56,5.3166,4.6832,2217515311.0,8426558181.799999,2026-07-14
2022-11-15,sz.000813,德展健康,3.75,3.73,3.76,3.65,61205672,226962059.48,2.7601,-1.8421,2217516467.0,8271336421.91,2026-07-14
2022-11-16,sz.000813,德展健康,3.76,3.72,3.78,3.69,39765282,148162970.3,1.7932,-0.2681,2217559781.0,8249322385.320001,2026-07-14
2022-11-17,sz.000813,德展健康,3.7,3.76,3.82,3.68,49637581,187123838.89,2.2384,1.0753,2217547400.0,8337978224.0,2026-07-14
2022-11-18,sz.000813,德展健康,3.76,3.82,3.89,3.73,55168289,210737669.67,2.4878,1.5957,2217553220.0,8471053300.4,2026-07-14
2022-11-21,sz.000813,德展健康,3.81,3.79,3.83,3.73,38640836,145773409.86,1.7425,-0.7853,2217551564.0,8404520427.56,2026-07-14
2022-11-22,sz.000813,德展健康,3.79,3.66,3.83,3.62,48557353,179359871.54,2.1897,-3.4301,2217534502.0,8116176277.320001,2026-07-14
2022-11-23,sz.000813,德展健康,3.67,3.6,3.67,3.53,32880416,117632861.39,1.4827,-1.6393,2217604101.0,7983374763.6,2026-07-14
2022-11-24,sz.000813,德展健康,3.65,3.63,3.67,3.56,27200357,98023465.54,1.2266,0.8333,2217540926.0,8049673561.38,2026-07-14
2022-11-25,sz.000813,德展健康,3.65,3.64,3.67,3.54,23786732,86092610.78,1.0727,0.2755,2217463597.0,8071567493.08,2026-07-14
2022-11-28,sz.000813,德展健康,3.61,3.6,3.68,3.57,23058520,83178918.92,1.0398,-1.0989,2217591845.0,7983330642.0,2026-07-14
2022-11-29,sz.000813,德展健康,3.62,3.73,3.75,3.61,38757997,143597303.38,1.7478,3.6111,2217530438.0,8271388533.74,2026-07-14
2022-11-30,sz.000813,德展健康,3.7,3.81,3.87,3.67,50191231,189130719.01,2.2634,2.1448,2217514845.0,8448731559.45,2026-07-14
2022-12-01,sz.000813,德展健康,3.81,3.69,3.83,3.67,41464074,154044783.8,1.8698,-3.1496,2217567333.0,8182823458.7699995,2026-07-14
2022-12-02,sz.000813,德展健康,3.68,3.69,3.73,3.61,29685771,108783877.0,1.3387,0.0,2217507358.0,8182602151.0199995,2026-07-14
2022-12-05,sz.000813,德展健康,3.69,3.67,3.75,3.65,27135865,100049125.55,1.2237,-0.542,2217525946.0,8138320221.82,2026-07-14
2022-12-06,sz.000813,德展健康,3.67,3.58,3.68,3.56,28504837,102772230.03,1.2854,-2.4523,2217584954.0,7938954135.32,2026-07-14
2022-12-07,sz.000813,德展健康,3.57,3.68,3.71,3.52,32897895,119381045.19,1.4835,2.7933,2217586451.0,8160718139.68,2026-07-14
2022-12-08,sz.000813,德展健康,3.68,3.62,3.71,3.6,20926671,75884304.71,0.9437,-1.6304,2217513087.0,8027397374.940001,2026-07-14
2022-12-09,sz.000813,德展健康,3.63,3.65,3.69,3.59,23630549,86193356.37,1.0656,0.8287,2217581550.0,8094172657.5,2026-07-14
2022-12-12,sz.000813,德展健康,3.66,3.73,3.75,3.64,34280399,127039867.32,1.5459,2.1918,2217504302.0,8271291046.46,2026-07-14
2022-12-13,sz.000813,德展健康,3.71,3.72,3.83,3.61,37559755,138470771.1,1.6938,-0.2681,2217484650.0,8249042898.0,2026-07-14
2022-12-14,sz.000813,德展健康,3.71,4.09,4.09,3.63,120798112,476286613.94,5.4474,9.9462,2217537027.0,9069726440.43,2026-07-14
2022-12-15,sz.000813,德展健康,4.01,4.04,4.32,3.76,175945562,697581155.94,7.9343,-1.2225,2217530998.0,8958825231.92,2026-07-14
2022-12-16,sz.000813,德展健康,4.06,4.29,4.44,4.03,227868626,977045316.33,10.2758,6.1881,2217526869.0,9513190268.01,2026-07-14
2022-12-19,sz.000813,德展健康,4.17,4.03,4.33,4.0,130512336,536151806.01,5.8855,-6.0606,2217523337.0,8936619048.11,2026-07-14
2022-12-20,sz.000813,德展健康,4.02,3.81,4.06,3.79,73825849,286478524.15,3.3292,-5.4591,2217525201.0,8448771015.81,2026-07-14
2022-12-21,sz.000813,德展健康,3.84,4.19,4.19,3.77,82192558,327620110.56,3.7065,9.9738,2217524835.0,9291429058.650002,2026-07-14
2022-12-22,sz.000813,德展健康,4.24,4.19,4.52,4.16,150545885,648234496.43,6.7889,0.0,2217529865.0,9291450134.35,2026-07-14
2022-12-23,sz.000813,德展健康,4.21,4.38,4.55,4.21,139493891,606043535.96,6.2905,4.5346,2217532644.0,9712792980.72,2026-07-14
2022-12-26,sz.000813,德展健康,4.2,4.12,4.3,4.03,115641421,479596412.49,5.2149,-5.9361,2217519435.0,9136180072.2,2026-07-14
2022-12-27,sz.000813,德展健康,4.07,4.02,4.1,3.88,76646089,302869832.87,3.4564,-2.4272,2217512122.0,8914398730.439999,2026-07-14
2022-12-28,sz.000813,德展健康,3.98,3.82,3.99,3.78,76600605,297001835.68,3.4543,-4.9751,2217543497.0,8471016158.54,2026-07-14
2022-12-29,sz.000813,德展健康,3.82,3.89,4.0,3.68,72529469,280380718.04,3.2707,1.8325,2217551870.0,8626276774.300001,2026-07-14
2022-12-30,sz.000813,德展健康,3.87,3.71,3.89,3.67,61126320,230110462.2,2.7565,-4.6272,2217533829.0,8227050505.59,2026-07-14
2023-01-03,sz.000813,德展健康,3.75,3.78,3.82,3.7,42333237,159576671.64,1.909,1.8868,2217560870.0,8382380088.599999,2026-07-14
2023-01-04,sz.000813,德展健康,3.77,3.85,3.89,3.72,48984176,185975068.93,2.209,1.8519,2217481938.0,8537305461.3,2026-07-14
2023-01-05,sz.000813,德展健康,3.83,3.82,3.86,3.77,40647618,155237291.76,1.833,-0.7792,2217545990.0,8471025681.799999,2026-07-14
2023-01-06,sz.000813,德展健康,3.8,3.63,3.81,3.6,59398227,218727989.94,2.6786,-4.9738,2217510155.0,8049561862.65,2026-07-14
2023-01-09,sz.000813,德展健康,3.63,3.66,3.66,3.59,29518186,106800550.68,1.3311,0.8264,2217578394.0,8116336922.04,2026-07-14
2023-01-10,sz.000813,德展健康,3.65,3.56,3.65,3.55,23094399,82853096.45,1.0414,-2.7322,2217630017.0,7894762860.52,2026-07-14
2023-01-11,sz.000813,德展健康,3.54,3.6,3.6,3.5,27040039,95737427.55,1.2194,1.1236,2217487207.0,7982953945.2,2026-07-14
2023-01-12,sz.000813,德展健康,3.6,3.6,3.64,3.55,26517092,95341488.28,1.1958,0.0,2217518983.0,7983068338.8,2026-07-14
2023-01-13,sz.000813,德展健康,3.59,3.6,3.63,3.57,14399616,51829433.28,0.6494,0.0,2217372344.0,7982540438.400001,2026-07-14
2023-01-16,sz.000813,德展健康,3.6,3.61,3.62,3.58,14750887,53159890.59,0.6652,0.2778,2217511575.0,8005216785.75,2026-07-14
2023-01-17,sz.000813,德展健康,3.61,3.55,3.61,3.55,12555900,44913652.0,0.5662,-1.662,2217573296.0,7872385200.799999,2026-07-14
2023-01-18,sz.000813,德展健康,3.55,3.53,3.56,3.53,10052300,35628823.0,0.4533,-0.5634,2217582175.0,7828065077.75,2026-07-14
2023-01-19,sz.000813,德展健康,3.53,3.53,3.56,3.51,13437910,47573894.4,0.606,0.0,2217476898.0,7827693449.94,2026-07-14
2023-01-20,sz.000813,德展健康,3.53,3.62,3.63,3.52,23936776,86234006.44,1.0794,2.5496,2217600148.0,8027712535.76,2026-07-14
2023-01-30,sz.000813,德展健康,3.64,3.64,3.65,3.6,19126344,69246889.34,0.8625,0.5525,2217547130.0,8071871553.2,2026-07-14
2023-01-31,sz.000813,德展健康,3.61,3.62,3.63,3.57,16302638,58755233.32,0.7352,-0.5495,2217442601.0,8027142215.62,2026-07-14
2023-02-01,sz.000813,德展健康,3.64,3.67,3.67,3.59,30031482,109184904.2,1.3543,1.3812,2217491102.0,8138192344.34,2026-07-14
2023-02-02,sz.000813,德展健康,3.67,3.7,3.72,3.64,24809054,91617246.54,1.1188,0.8174,2217469968.0,8204638881.6,2026-07-14
2023-02-03,sz.000813,德展健康,3.7,3.65,3.71,3.63,20169700,73759156.0,0.9096,-1.3514,2217425242.0,8093602133.3,2026-07-14
2023-02-06,sz.000813,德展健康,3.63,3.59,3.65,3.59,15645700,56529710.0,0.7055,-1.6438,2217675408.0,7961454714.719999,2026-07-14
2023-02-07,sz.000813,德展健康,3.59,3.6,3.62,3.58,14998876,53920692.6,0.6764,0.2786,2217456535.0,7982843526.0,2026-07-14
2023-02-08,sz.000813,德展健康,3.61,3.56,3.61,3.55,14088530,50417381.5,0.6353,-1.1111,2217618448.0,7894721674.88,2026-07-14
2023-02-09,sz.000813,德展健康,3.55,3.58,3.59,3.53,14036587,50015108.21,0.633,0.5618,2217470300.0,7938543674.0,2026-07-14
2023-02-10,sz.000813,德展健康,3.59,3.58,3.62,3.57,12060024,43286997.68,0.5438,0.0,2217731519.0,7939478838.02,2026-07-14
2023-02-13,sz.000813,德展健康,3.58,3.71,3.75,3.57,38910650,142948234.0,1.7547,3.6313,2217510116.0,8226962530.36,2026-07-14
2023-02-14,sz.000813,德展健康,3.79,3.91,3.93,3.77,75693706,292782786.31,3.4134,5.3908,2217545732.0,8670603812.12,2026-07-14
2023-02-15,sz.000813,德展健康,3.89,3.88,3.91,3.83,38509031,148910064.88,1.7366,-0.7673,2217495739.0,8603883467.32,2026-07-14
2023-02-16,sz.000813,德展健康,3.9,3.83,3.95,3.79,43809761,170208378.89,1.9756,-1.2887,2217542063.0,8493186101.29,2026-07-14
2023-02-17,sz.000813,德展健康,3.84,3.87,3.98,3.83,35163121,136761550.27,1.5857,1.0444,2217514095.0,8581779547.650001,2026-07-14
2023-02-20,sz.000813,德展健康,3.83,3.83,3.85,3.77,24253525,92307726.87,1.0937,-1.0336,2217566517.0,8493279760.110001,2026-07-14
2023-02-21,sz.000813,德展健康,3.85,3.85,3.89,3.8,23246280,89302272.38,1.0483,0.5222,2217521702.0,8537458552.7,2026-07-14
2023-02-22,sz.000813,德展健康,3.83,3.85,3.87,3.82,14032458,54074130.72,0.6328,0.0,2217518647.0,8537446790.95,2026-07-14
2023-02-23,sz.000813,德展健康,3.86,3.8,3.87,3.76,21482250,81632896.5,0.9687,-1.2987,2217637039.0,8427020748.2,2026-07-14
2023-02-24,sz.000813,德展健康,3.8,3.75,3.81,3.72,20874700,78464117.0,0.9413,-1.3158,2217645809.0,8316171783.75,2026-07-14
2023-02-27,sz.000813,德展健康,3.75,3.69,3.76,3.67,16516126,61185285.68,0.7448,-1.6,2217524973.0,8182667150.37,2026-07-14
2023-02-28,sz.000813,德展健康,3.68,3.78,3.79,3.67,16282650,60899991.34,0.7343,2.439,2217438377.0,8381917065.059999,2026-07-14
2023-03-01,sz.000813,德展健康,3.8,3.77,3.81,3.74,13237377,49769525.52,0.5969,-0.2646,2217687552.0,8360682071.04,2026-07-14
2023-03-02,sz.000813,德展健康,3.76,3.73,3.79,3.72,14272673,53435738.37,0.6436,-1.061,2217630982.0,8271763562.86,2026-07-14
2023-03-03,sz.000813,德展健康,3.73,3.8,3.84,3.73,26663928,101254377.4,1.2024,1.8767,2217558882.0,8426723751.599999,2026-07-14
2023-03-06,sz.000813,德展健康,3.82,3.78,3.83,3.76,13771225,52190902.5,0.621,-0.5263,2217588567.0,8382484783.259999,2026-07-14
2023-03-07,sz.000813,德展健康,3.78,3.74,3.82,3.73,15028675,56753438.25,0.6777,-1.0582,2217599970.0,8293823887.8,2026-07-14
2023-03-08,sz.000813,德展健康,3.72,3.7,3.75,3.68,14632123,54187448.87,0.6598,-1.0695,2217660352.0,8205343302.400001,2026-07-14
2023-03-09,sz.000813,德展健康,3.71,3.69,3.73,3.66,12637536,46533545.48,0.5699,-0.2703,2217500614.0,8182577265.66,2026-07-14
2023-03-10,sz.000813,德展健康,3.68,3.64,3.68,3.63,11739061,42837701.54,0.5294,-1.355,2217427465.0,8071435972.6,2026-07-14
2023-03-13,sz.000813,德展健康,3.6,3.65,3.65,3.58,13189800,47750000.0,0.5948,0.2747,2217518494.0,8093942503.099999,2026-07-14
2023-03-14,sz.000813,德展健康,3.66,3.65,3.82,3.55,39325576,143832331.68,1.7734,0.0,2217524304.0,8093963709.599999,2026-07-14
2023-03-15,sz.000813,德展健康,3.61,3.74,3.8,3.61,39310251,146207006.25,1.7727,2.4658,2217535454.0,8293582597.96,2026-07-14
2023-03-16,sz.000813,德展健康,3.73,3.67,3.79,3.67,23339286,86894746.44,1.0525,-1.8717,2217509359.0,8138259347.53,2026-07-14
2023-03-17,sz.000813,德展健康,3.69,3.54,3.69,3.53,35707239,128068617.52,1.6102,-3.5422,2217565458.0,7850181721.32,2026-07-14
2023-03-20,sz.000813,德展健康,3.55,3.42,3.55,3.41,25816757,89278039.41,1.1642,-3.3898,2217553427.0,7584032720.34,2026-07-14
2023-03-21,sz.000813,德展健康,3.44,3.5,3.54,3.43,14196399,49504364.31,0.6402,2.3392,2217494377.0,7761230319.5,2026-07-14
2023-03-22,sz.000813,德展健康,3.52,3.53,3.55,3.48,11955501,42148111.52,0.5391,0.8571,2217677796.0,7828402619.879999,2026-07-14
2023-03-23,sz.000813,德展健康,3.53,3.45,3.53,3.44,17914711,62029386.04,0.8079,-2.2663,2217441639.0,7650173654.55,2026-07-14
2023-03-24,sz.000813,德展健康,3.45,3.38,3.47,3.37,18704200,63672275.0,0.8435,-2.029,2217451097.0,7494984707.86,2026-07-14
2023-03-27,sz.000813,德展健康,3.38,3.35,3.41,3.34,16753957,56432921.54,0.7555,-0.8876,2217598544.0,7428955122.400001,2026-07-14
2023-03-28,sz.000813,德展健康,3.36,3.36,3.39,3.31,18946612,63463520.56,0.8544,0.2985,2217534176.0,7450914831.36,2026-07-14
2023-03-29,sz.000813,德展健康,3.35,3.32,3.38,3.29,14366623,47709147.66,0.6479,-1.1905,2217413644.0,7361813298.08,2026-07-14
2023-03-30,sz.000813,德展健康,3.31,3.3,3.34,3.27,11707400,38569734.0,0.5279,-0.6024,2217730631.0,7318511082.299999,2026-07-14
2023-03-31,sz.000813,德展健康,3.32,3.41,3.43,3.31,22959022,77687672.44,1.0353,3.3333,2217620207.0,7562084905.87,2026-07-14
2023-04-03,sz.000813,德展健康,3.41,3.41,3.52,3.38,18517349,63623021.75,0.835,0.0,2217646587.0,7562174861.67,2026-07-14
2023-04-04,sz.000813,德展健康,3.4,3.39,3.43,3.37,11012477,37403451.03,0.4966,-0.5865,2217574909.0,7517578941.51,2026-07-14
2023-04-06,sz.000813,德展健康,3.38,3.42,3.47,3.38,12560021,43058881.36,0.5664,0.885,2217517832.0,7583910985.44,2026-07-14
2023-04-07,sz.000813,德展健康,3.45,3.46,3.47,3.43,14102924,48702869.25,0.636,1.1696,2217440881.0,7672345448.26,2026-07-14
2023-04-10,sz.000813,德展健康,3.45,3.36,3.46,3.35,19477315,66059502.91,0.8783,-2.8902,2217615280.0,7451187340.8,2026-07-14
2023-04-11,sz.000813,德展健康,3.38,3.35,3.38,3.3,14353360,48087570.89,0.6473,-0.2976,2217420053.0,7428357177.55,2026-07-14
2023-04-12,sz.000813,德展健康,3.35,3.34,3.4,3.33,13080794,43799847.11,0.5899,-0.2985,2217459569.0,7406314960.46,2026-07-14
2023-04-13,sz.000813,德展健康,3.32,3.38,3.4,3.3,18577717,62449286.44,0.8378,1.1976,2217440559.0,7494949089.42,2026-07-14
2023-04-14,sz.000813,德展健康,3.39,3.34,3.43,3.34,16444895,55338720.55,0.7416,-1.1834,2217488538.0,7406411716.92,2026-07-14
2023-04-17,sz.000813,德展健康,3.35,3.32,3.36,3.31,13558477,45093327.64,0.6114,-0.5988,2217611547.0,7362470336.04,2026-07-14
2023-04-18,sz.000813,德展健康,3.32,3.24,3.33,3.24,18897600,61708110.0,0.8522,-2.4096,2217507627.0,7184724711.4800005,2026-07-14
2023-04-19,sz.000813,德展健康,3.26,3.2,3.26,3.18,17411601,55781776.2,0.7852,-1.2346,2217473383.0,7095914825.6,2026-07-14
2023-04-20,sz.000813,德展健康,3.2,3.14,3.2,3.13,15421815,48538263.95,0.6954,-1.875,2217689819.0,6963546031.66,2026-07-14
2023-04-21,sz.000813,德展健康,3.14,3.11,3.19,3.11,14579066,45927493.93,0.6574,-0.9554,2217685732.0,6897002626.5199995,2026-07-14
2023-04-24,sz.000813,德展健康,3.13,3.16,3.23,3.09,20640970,65519406.54,0.9308,1.6077,2217551569.0,7007462958.04,2026-07-14
2023-04-25,sz.000813,德展健康,3.17,3.1,3.17,3.06,15499269,48068664.52,0.6989,-1.8987,2217666190.0,6874765189.0,2026-07-14
2023-04-26,sz.000813,德展健康,3.09,3.13,3.15,3.07,12035546,37564814.48,0.5427,0.9677,2217716234.0,6941451812.42,2026-07-14
2023-04-27,sz.000813,德展健康,3.14,3.23,3.25,3.13,18291374,58729371.83,0.8249,3.1949,2217405019.0,7162218211.37,2026-07-14
2023-04-28,sz.000813,德展健康,3.19,3.24,3.25,3.13,14913841,47759779.27,0.6725,0.3096,2217671524.0,7185255737.76,2026-07-14
2023-05-04,sz.000813,德展健康,3.25,3.32,3.52,3.23,32562406,109433841.86,1.4684,2.4691,2217543312.0,7362243795.839999,2026-07-14
2023-05-05,sz.000813,德展健康,3.32,3.29,3.36,3.24,17780601,58554512.28,0.8018,-0.9036,2217585557.0,7295856482.53,2026-07-14
2023-05-08,sz.000813,德展健康,3.31,3.31,3.41,3.26,15143968,50046207.08,0.6829,0.6079,2217596720.0,7340245143.2,2026-07-14
2023-05-09,sz.000813,德展健康,3.33,3.28,3.33,3.27,15660349,51556054.7,0.7062,-0.9063,2217551543.0,7273569061.04,2026-07-14
2023-05-10,sz.000813,德展健康,3.28,3.26,3.3,3.25,12392777,40539076.02,0.5589,-0.6098,2217351405.0,7228565580.299999,2026-07-14
2023-05-11,sz.000813,德展健康,3.27,3.26,3.38,3.25,15091800,49445746.2,0.6806,0.0,2217425801.0,7228808111.259999,2026-07-14
2023-05-12,sz.000813,德展健康,3.28,3.23,3.29,3.21,11911150,38689356.5,0.5371,-0.9202,2217678272.0,7163100818.56,2026-07-14
2023-05-15,sz.000813,德展健康,3.25,3.23,3.26,3.16,11982745,38455287.51,0.5404,0.0,2217384345.0,7162151434.35,2026-07-14
2023-05-16,sz.000813,德展健康,3.22,3.25,3.27,3.2,11729142,37954044.82,0.5289,0.6192,2217648327.0,7207357062.75,2026-07-14
2023-05-17,sz.000813,德展健康,3.24,3.26,3.27,3.21,9448785,30684570.92,0.4261,0.3077,2217504107.0,7229063388.82,2026-07-14
2023-05-18,sz.000813,德展健康,3.28,3.29,3.31,3.26,12114115,39841598.53,0.5463,0.9202,2217483983.0,7295522304.07,2026-07-14
2023-05-19,sz.000813,德展健康,3.28,3.3,3.32,3.27,9053793,29856766.93,0.4083,0.304,2217436444.0,7317540265.2,2026-07-14
2023-05-22,sz.000813,德展健康,3.3,3.27,3.32,3.26,9692400,31891845.0,0.4371,-0.9091,2217433082.0,7251006178.14,2026-07-14
2023-05-23,sz.000813,德展健康,3.27,3.27,3.32,3.27,10720294,35341896.2,0.4834,0.0,2217685974.0,7251833134.9800005,2026-07-14
2023-05-24,sz.000813,德展健康,3.26,3.21,3.28,3.21,9629378,31184920.16,0.4342,-1.8349,2217728696.0,7118909114.16,2026-07-14
2023-05-25,sz.000813,德展健康,3.21,3.2,3.22,3.15,11723508,37310625.0,0.5287,-0.3115,2217421600.0,7095749120.0,2026-07-14
2023-05-26,sz.000813,德展健康,3.19,3.23,3.25,3.16,9852150,31584945.5,0.4443,0.9375,2217454423.0,7162377786.29,2026-07-14
2023-05-29,sz.000813,德展健康,3.23,3.22,3.28,3.21,7991152,25899655.81,0.3604,-0.3096,2217300777.0,7139708501.940001,2026-07-14
2023-05-30,sz.000813,德展健康,3.21,3.18,3.23,3.13,9135947,28993616.61,0.412,-1.2422,2217462864.0,7051531907.52,2026-07-14
2023-05-31,sz.000813,德展健康,3.18,3.15,3.2,3.14,7962714,25183018.38,0.3591,-0.9434,2217408521.0,6984836841.15,2026-07-14
2023-06-01,sz.000813,德展健康,3.15,3.12,3.17,3.12,13041003,40951215.28,0.5881,-0.9524,2217480531.0,6918539256.72,2026-07-14
2023-06-02,sz.000813,德展健康,3.13,3.12,3.14,3.1,8796700,27441349.0,0.3967,0.0,2217469120.0,6918503654.400001,2026-07-14
2023-06-05,sz.000813,德展健康,3.13,3.13,3.14,3.1,8828494,27545606.72,0.3981,0.3205,2217657373.0,6941267577.49,2026-07-14
2023-06-06,sz.000813,德展健康,3.12,3.1,3.23,3.08,19732321,61788431.21,0.8898,-0.9585,2217613059.0,6874600482.900001,2026-07-14
2023-06-07,sz.000813,德展健康,3.08,3.06,3.1,3.01,14185368,43441839.64,0.6397,-1.2903,2217503205.0,6785559807.3,2026-07-14
2023-06-08,sz.000813,德展健康,3.08,3.05,3.08,3.02,8987501,27373848.03,0.4053,-0.3268,2217493462.0,6763355059.099999,2026-07-14
2023-06-09,sz.000813,德展健康,3.05,3.05,3.08,3.04,5900068,18032242.9,0.2661,0.0,2217237129.0,6762573243.45,2026-07-14
2023-06-12,sz.000813,德展健康,3.05,3.05,3.07,3.0,10470691,31700854.15,0.4722,0.0,2217427150.0,6763152807.5,2026-07-14
2023-06-13,sz.000813,德展健康,3.04,3.03,3.05,3.02,5310393,16106271.7,0.2395,-0.6557,2217283090.0,6718367762.7,2026-07-14
2023-06-14,sz.000813,德展健康,3.03,3.03,3.05,3.02,7003715,21261006.45,0.3158,0.0,2217769158.0,6719840548.74,2026-07-14
2023-06-15,sz.000813,德展健康,3.03,3.04,3.05,3.01,7380146,22364882.21,0.3409,0.33,2164900557.0,6581297693.28,2026-07-14
2023-06-16,sz.000813,德展健康,3.03,3.03,3.07,3.02,11533735,35021876.57,0.5328,-0.3289,2164740053.0,6559162360.589999,2026-07-14
2023-06-19,sz.000813,德展健康,3.04,2.98,3.04,2.98,12077800,36306831.0,0.558,-1.6502,2164480287.0,6450151255.26,2026-07-14
2023-06-20,sz.000813,德展健康,2.98,2.9,2.99,2.9,15249937,44757256.25,0.7045,-2.6846,2164646842.0,6277475841.8,2026-07-14
2023-06-21,sz.000813,德展健康,2.9,2.92,2.93,2.87,10173533,29588273.81,0.47,0.6897,2164581489.0,6320577947.88,2026-07-14
2023-06-26,sz.000813,德展健康,2.91,2.85,2.91,2.83,8695364,24938644.76,0.4017,-2.3973,2164641275.0,6169227633.75,2026-07-14
2023-06-27,sz.000813,德展健康,2.84,2.91,2.93,2.83,7374677,21393311.79,0.3407,2.1053,2164566187.0,6298887604.17,2026-07-14
2023-06-28,sz.000813,德展健康,2.91,2.89,2.91,2.85,5000500,14404508.0,0.231,-0.6873,2164718615.0,6256036797.35,2026-07-14
2023-06-29,sz.000813,德展健康,2.89,2.9,2.92,2.88,5464300,15863475.0,0.2524,0.346,2164936609.0,6278316166.099999,2026-07-14
2023-06-30,sz.000813,德展健康,2.9,2.94,2.96,2.9,6700750,19710306.5,0.3096,1.3793,2164324935.0,6363115308.9,2026-07-14
2023-07-03,sz.000813,德展健康,2.94,2.99,3.0,2.94,7764904,23101210.84,0.3587,1.7007,2164734876.0,6472557279.240001,2026-07-14
2023-07-04,sz.000813,德展健康,2.98,2.96,2.99,2.95,5697811,16902485.99,0.2632,-1.0033,2164821809.0,6407872554.64,2026-07-14
2023-07-05,sz.000813,德展健康,2.96,2.95,2.98,2.94,5127254,15179356.84,0.2369,-0.3378,2164311524.0,6384718995.8,2026-07-14
2023-07-06,sz.000813,德展健康,2.94,2.94,2.97,2.93,5033209,14822369.46,0.2325,-0.339,2164821075.0,6364573960.5,2026-07-14
2023-07-07,sz.000813,德展健康,2.94,2.94,2.95,2.92,3973741,11657204.13,0.1836,0.0,2164346950.0,6363180033.0,2026-07-14
2023-07-10,sz.000813,德展健康,2.95,2.96,2.96,2.93,4464850,13159087.0,0.2063,0.6803,2164251091.0,6406183229.36,2026-07-14
2023-07-11,sz.000813,德展健康,2.95,2.96,2.98,2.94,5403300,15988747.0,0.2496,0.0,2164783654.0,6407759615.84,2026-07-14
2023-07-12,sz.000813,德展健康,2.96,2.91,2.96,2.9,6396336,18710682.76,0.2955,-1.6892,2164580711.0,6298929869.01,2026-07-14
2023-07-13,sz.000813,德展健康,2.92,2.96,2.97,2.91,6093881,17931613.55,0.2815,1.7182,2164788988.0,6407775404.48,2026-07-14
2023-07-14,sz.000813,德展健康,2.97,2.94,2.97,2.94,4304294,12708135.36,0.1988,-0.6757,2165137827.0,6365505211.38,2026-07-14
2023-07-17,sz.000813,德展健康,2.92,2.92,2.92,2.87,5668100,16413868.5,0.2619,-0.6803,2164222986.0,6319531119.12,2026-07-14
2023-07-18,sz.000813,德展健康,2.91,2.92,2.92,2.89,3357589,9765024.92,0.1551,0.0,2164789813.0,6321186253.96,2026-07-14
2023-07-19,sz.000813,德展健康,2.92,2.92,2.95,2.91,3774000,11039849.0,0.1743,0.0,2165232358.0,6322478485.36,2026-07-14
2023-07-20,sz.000813,德展健康,2.94,2.92,2.96,2.92,5914000,17380253.0,0.2732,0.0,2164714495.0,6320966325.4,2026-07-14
2023-07-21,sz.000813,德展健康,2.92,2.98,2.99,2.9,9296725,27572841.54,0.4295,2.0548,2164545984.0,6450347032.32,2026-07-14
2023-07-24,sz.000813,德展健康,3.0,3.01,3.02,2.96,6734800,20215303.0,0.3111,1.0067,2164834458.0,6516151718.58,2026-07-14
2023-07-25,sz.000813,德展健康,3.02,3.03,3.03,3.0,8673588,26168018.65,0.4007,0.6645,2164608934.0,6558765070.0199995,2026-07-14
2023-07-26,sz.000813,德展健康,3.03,3.05,3.05,3.02,8195299,24869565.95,0.3786,0.6601,2164632594.0,6602129411.7,2026-07-14
2023-07-27,sz.000813,德展健康,3.04,3.04,3.06,3.03,5842898,17764162.91,0.2699,-0.3279,2164838088.0,6581107787.52,2026-07-14
2023-07-28,sz.000813,德展健康,3.05,3.07,3.08,3.03,8243501,25251507.08,0.3808,0.9868,2164784926.0,6645889722.82,2026-07-14
2023-07-31,sz.000813,德展健康,3.1,3.09,3.12,3.07,9547454,29518350.84,0.4411,0.6515,2164464747.0,6688196068.23,2026-07-14
2023-08-01,sz.000813,德展健康,3.1,3.11,3.11,3.08,9757659,30247834.4,0.4508,0.6472,2164520630.0,6731659159.3,2026-07-14
2023-08-02,sz.000813,德展健康,3.1,3.09,3.12,3.08,8407415,25992726.35,0.3884,-0.6431,2164627961.0,6688700399.49,2026-07-14
2023-08-03,sz.000813,德展健康,3.11,3.15,3.16,3.09,15176752,47624478.11,0.7011,1.9417,2164705748.0,6818823106.2,2026-07-14
2023-08-04,sz.000813,德展健康,3.14,3.1,3.16,3.1,13480505,42022870.6,0.6228,-1.5873,2164499839.0,6709949500.900001,2026-07-14
2023-08-07,sz.000813,德展健康,3.1,3.06,3.11,3.04,8993314,27495752.7,0.4155,-1.2903,2164455836.0,6623234858.16,2026-07-14
2023-08-08,sz.000813,德展健康,3.06,3.09,3.11,3.03,11052563,34030418.27,0.5106,0.9804,2164622601.0,6688683837.09,2026-07-14
2023-08-09,sz.000813,德展健康,3.17,3.4,3.4,3.09,44348295,147093546.8,2.0488,10.0324,2164598545.0,7359635053.0,2026-07-14
2023-08-10,sz.000813,德展健康,3.51,3.58,3.74,3.46,165152376,595191542.83,7.6296,5.2941,2164626927.0,7749364398.66,2026-07-14
2023-08-11,sz.000813,德展健康,3.41,3.54,3.77,3.36,140995314,506605223.85,6.5136,-1.1173,2164629606.0,7662788805.24,2026-07-14
2023-08-14,sz.000813,德展健康,3.44,3.4,3.52,3.34,93096954,316925207.78,4.3008,-3.9548,2164642718.0,7359785241.2,2026-07-14
2023-08-15,sz.000813,德展健康,3.4,3.47,3.59,3.28,92419573,317525367.61,4.2696,2.0588,2164595583.0,7511146673.01,2026-07-14
2023-08-16,sz.000813,德展健康,3.4,3.42,3.55,3.4,77339427,268323781.28,3.5729,-1.4409,2164612136.0,7402973505.12,2026-07-14
2023-08-17,sz.000813,德展健康,3.43,3.34,3.48,3.3,79641935,267601569.04,3.6793,-2.3392,2164594760.0,7229746498.4,2026-07-14
2023-08-18,sz.000813,德展健康,3.33,3.13,3.35,3.12,72062604,230026361.55,3.3291,-6.2874,2164627197.0,6775283126.61,2026-07-14
2023-08-21,sz.000813,德展健康,3.1,3.07,3.13,3.06,36712102,113595313.49,1.696,-1.9169,2164628656.0,6645409973.92,2026-07-14
2023-08-22,sz.000813,德展健康,3.1,3.08,3.1,3.01,29192200,89182509.0,1.3486,0.3257,2164629987.0,6667060359.96,2026-07-14
2023-08-23,sz.000813,德展健康,3.07,3.01,3.09,3.0,20212948,61373380.44,0.9338,-2.2727,2164590705.0,6515418022.049999,2026-07-14
2023-08-24,sz.000813,德展健康,3.01,3.02,3.04,2.98,15838441,47700213.0,0.7317,0.3322,2164608583.0,6537117920.66,2026-07-14
2023-08-25,sz.000813,德展健康,2.99,3.01,3.07,2.98,18023300,54565490.87,0.8326,-0.3311,2164700937.0,6515749820.37,2026-07-14
2023-08-28,sz.000813,德展健康,3.14,3.04,3.15,3.04,25188666,77827687.03,1.1637,0.9967,2164532611.0,6580179137.440001,2026-07-14
2023-08-29,sz.000813,德展健康,3.04,3.11,3.11,3.02,18354955,56549486.96,0.848,2.3026,2164499410.0,6731593165.099999,2026-07-14
2023-08-30,sz.000813,德展健康,3.1,3.09,3.13,3.08,16178074,50112708.31,0.7474,-0.6431,2164580412.0,6688553473.08,2026-07-14
2023-08-31,sz.000813,德展健康,3.09,3.14,3.15,3.06,29866009,93091212.72,1.3797,1.6181,2164674132.0,6797076774.4800005,2026-07-14
2023-09-01,sz.000813,德展健康,3.12,3.15,3.16,3.1,20387090,63877756.66,0.9418,0.3185,2164694203.0,6818786739.45,2026-07-14
2023-09-04,sz.000813,德展健康,3.14,3.19,3.2,3.13,20790206,65982818.88,0.9605,1.2698,2164519105.0,6904815944.95,2026-07-14
2023-09-05,sz.000813,德展健康,3.17,3.16,3.21,3.14,15082700,47721998.0,0.6968,-0.9404,2164566590.0,6840030424.400001,2026-07-14
2023-09-06,sz.000813,德展健康,3.14,3.12,3.15,3.1,13133274,41042232.38,0.6067,-1.2658,2164706445.0,6753884108.400001,2026-07-14
2023-09-07,sz.000813,德展健康,3.13,3.07,3.13,3.05,16248784,50114922.0,0.7507,-1.6026,2164484348.0,6644966948.36,2026-07-14
2023-09-08,sz.000813,德展健康,3.06,3.06,3.09,3.05,12056700,36932730.13,0.557,-0.3257,2164578097.0,6623608976.82,2026-07-14
2023-09-11,sz.000813,德展健康,3.05,3.17,3.18,3.04,24004787,75518315.79,1.109,3.5948,2164543463.0,6861602777.71,2026-07-14
2023-09-12,sz.000813,德展健康,3.18,3.49,3.49,3.18,52677883,178541050.09,2.4336,10.0946,2164607290.0,7554479442.1,2026-07-14
2023-09-13,sz.000813,德展健康,3.52,3.36,3.52,3.3,106386887,357885661.48,4.9148,-3.7249,2164622914.0,7273132991.04,2026-07-14
2023-09-14,sz.000813,德展健康,3.35,3.33,3.49,3.3,79506451,267962607.93,3.673,-0.8929,2164618867.0,7208180827.110001,2026-07-14
2023-09-15,sz.000813,德展健康,3.28,3.34,3.47,3.25,76084468,255715083.28,3.5149,0.3003,2164626817.0,7229853568.78,2026-07-14
2023-09-18,sz.000813,德展健康,3.34,3.41,3.45,3.33,61876271,209266565.11,2.8585,2.0958,2164641280.0,7381426764.8,2026-07-14
2023-09-19,sz.000813,德展健康,3.37,3.39,3.62,3.35,75632861,260549836.62,3.4941,-0.5865,2164587762.0,7337952513.18,2026-07-14
2023-09-20,sz.000813,德展健康,3.37,3.73,3.73,3.34,183103662,659734455.31,8.4589,10.0295,2164627339.0,8074059974.47,2026-07-14
2023-09-21,sz.000813,德展健康,3.67,3.54,3.67,3.51,146322369,521542800.21,6.7597,-5.0938,2164628149.0,7662783647.46,2026-07-14
2023-09-22,sz.000813,德展健康,3.56,3.89,3.89,3.51,255931856,977717776.89,11.8234,9.887,2164621479.0,8420377553.31,2026-07-14
2023-09-25,sz.000813,德展健康,4.06,4.28,4.28,4.06,129055388,543685065.6,5.962,10.0257,2164632472.0,9264626980.16,2026-07-14
2023-09-26,sz.000813,德展健康,4.5,4.13,4.7,4.1,363840758,1591420431.27,16.8085,-3.5047,2164623601.0,8939895472.13,2026-07-14
2023-09-27,sz.000813,德展健康,4.09,4.54,4.54,4.08,310148299,1380074185.88,14.3281,9.9274,2164615678.0,9827355178.12,2026-07-14
2023-09-28,sz.000813,德展健康,4.62,4.27,4.62,4.09,324837111,1376175882.79,15.0067,-5.9471,2164613879.0,9242901263.33,2026-07-14
2023-10-09,sz.000813,德展健康,4.09,4.24,4.46,3.92,235570343,985223958.41,10.8828,-0.7026,2164611525.0,9177952866.0,2026-07-14
2023-10-10,sz.000813,德展健康,4.1,3.82,4.14,3.82,203617789,802499499.69,9.4066,-9.9057,2164626847.0,8268874555.54,2026-07-14
2023-10-11,sz.000813,德展健康,3.73,3.8,3.97,3.73,149263809,575564260.58,6.8956,-0.5236,2164623949.0,8225571006.2,2026-07-14
2023-10-12,sz.000813,德展健康,3.88,3.83,3.98,3.73,135724319,522494658.29,6.2701,0.7895,2164627661.0,8290523941.63,2026-07-14
2023-10-13,sz.000813,德展健康,3.76,3.99,4.19,3.76,201998247,812492870.16,9.3318,4.1775,2164622549.0,8636843970.51,2026-07-14
2023-10-16,sz.000813,德展健康,4.02,4.05,4.16,3.91,180638521,731057699.86,8.3451,1.5038,2164605829.0,8766653607.449999,2026-07-14
2023-10-17,sz.000813,德展健康,3.89,4.18,4.37,3.82,193088473,795928199.39,8.9202,3.2099,2164620446.0,9048113464.279999,2026-07-14
2023-10-18,sz.000813,德展健康,4.06,4.04,4.08,3.9,130784131,521938911.49,6.0419,-3.3493,2164619259.0,8745061806.36,2026-07-14
2023-10-19,sz.000813,德展健康,3.93,3.64,3.96,3.64,100815342,372225940.91,4.6574,-9.901,2164627088.0,7879242600.320001,2026-07-14
2023-10-20,sz.000813,德展健康,3.43,3.7,3.76,3.41,117909233,427527600.95,5.4471,1.6484,2164623983.0,8009108737.1,2026-07-14
2023-10-23,sz.000813,德展健康,3.64,3.59,3.67,3.53,60858428,218454894.24,2.8115,-2.973,2164624862.0,7771003254.58,2026-07-14
2023-10-24,sz.000813,德展健康,3.55,3.57,3.65,3.54,65558891,234949914.47,3.0287,-0.5571,2164588470.0,7727580837.9,2026-07-14
2023-10-25,sz.000813,德展健康,3.53,3.56,3.64,3.51,77434925,275951067.0,3.5773,-0.2801,2164619266.0,7706044586.96,2026-07-14
2023-10-26,sz.000813,德展健康,3.6,3.67,3.75,3.53,109868350,401359859.71,5.0756,3.0899,2164637678.0,7944220278.26,2026-07-14
2023-10-27,sz.000813,德展健康,3.6,3.79,3.82,3.56,119466532,444127542.41,5.5191,3.2698,2164601692.0,8203840412.68,2026-07-14
2023-10-30,sz.000813,德展健康,3.73,3.82,3.91,3.7,93894425,359701795.78,4.3377,0.7916,2164613159.0,8268822267.38,2026-07-14
2023-10-31,sz.000813,德展健康,3.8,3.86,3.96,3.75,85080249,328962394.2,3.9305,1.0471,2164616436.0,8355419442.96,2026-07-14
2023-11-01,sz.000813,德展健康,4.15,3.78,4.15,3.78,150194121,586089573.42,6.9386,-2.0725,2164617084.0,8182252577.5199995,2026-07-14
2023-11-02,sz.000813,德展健康,3.73,3.78,3.83,3.68,94419545,353291171.03,4.3619,0.0,2164642587.0,8182348978.86,2026-07-14
2023-11-03,sz.000813,德展健康,3.76,3.71,3.77,3.68,71192402,264609485.4,3.2889,-1.8519,2164626532.0,8030764433.72,2026-07-14
2023-11-06,sz.000813,德展健康,3.69,3.78,3.82,3.69,65509441,247793743.92,3.0264,1.8868,2164599557.0,8182186325.46,2026-07-14
2023-11-07,sz.000813,德展健康,3.8,3.73,3.85,3.72,64702850,243913013.9,2.9891,-1.3228,2164626476.0,8074056755.48,2026-07-14
2023-11-08,sz.000813,德展健康,3.71,3.73,3.79,3.68,52889100,197624981.06,2.4433,0.0,2164658454.0,8074176033.42,2026-07-14
2023-11-09,sz.000813,德展健康,3.73,3.62,3.76,3.59,59687876,218221635.47,2.7574,-2.9491,2164643360.0,7836008963.2,2026-07-14
2023-11-10,sz.000813,德展健康,3.59,3.62,3.66,3.59,40358241,146178506.6,1.8645,0.0,2164561062.0,7835711044.440001,2026-07-14
2023-11-13,sz.000813,德展健康,3.64,3.6,3.65,3.58,35775941,128889034.6,1.6528,-0.5525,2164565646.0,7792436325.6,2026-07-14
2023-11-14,sz.000813,德展健康,3.6,3.63,3.65,3.58,36923859,133719819.42,1.7058,0.8333,2164606578.0,7857521878.139999,2026-07-14
2023-11-15,sz.000813,德展健康,3.64,3.63,3.65,3.59,35056461,126923950.93,1.6195,0.0,2164647175.0,7857669245.25,2026-07-14
2023-11-16,sz.000813,德展健康,3.63,3.52,3.63,3.51,59201451,210314471.82,2.735,-3.0303,2164586874.0,7619345796.4800005,2026-07-14
2023-11-17,sz.000813,德展健康,3.51,3.56,3.56,3.49,42735215,150755659.31,1.9743,1.1364,2164575546.0,7705888943.76,2026-07-14
2023-11-20,sz.000813,德展健康,3.56,3.59,3.63,3.55,40767004,146737258.4,1.8833,0.8427,2164657994.0,7771122198.46,2026-07-14
2023-11-21,sz.000813,德展健康,3.61,3.59,3.65,3.55,43602300,156854741.0,2.0143,0.0,2164637839.0,7771049842.009999,2026-07-14
2023-11-22,sz.000813,德展健康,3.59,3.61,3.66,3.57,63549739,231039908.48,2.9358,0.5571,2164648103.0,7814379651.83,2026-07-14
2023-11-23,sz.000813,德展健康,3.61,3.67,3.71,3.6,65839826,241395793.01,3.0416,1.662,2164644463.0,7944245179.21,2026-07-14
2023-11-24,sz.000813,德展健康,3.66,3.65,3.74,3.62,57680934,212189420.26,2.6647,-0.545,2164631441.0,7900904759.65,2026-07-14
2023-11-27,sz.000813,德展健康,3.65,3.58,3.68,3.57,55529900,201421857.0,2.5653,-1.9178,2164655206.0,7749465637.4800005,2026-07-14
2023-11-28,sz.000813,德展健康,3.58,3.59,3.62,3.51,41046745,146610400.96,1.8963,0.2793,2164570216.0,7770807075.44,2026-07-14
2023-11-29,sz.000813,德展健康,3.6,3.52,3.6,3.51,31548681,111868048.79,1.4575,-1.9499,2164575026.0,7619304091.52,2026-07-14
2023-11-30,sz.000813,德展健康,3.52,3.52,3.54,3.48,25582800,89642824.18,1.1819,0.0,2164548608.0,7619211100.16,2026-07-14
2023-12-01,sz.000813,德展健康,3.5,3.56,3.57,3.5,23020100,81712413.0,1.0635,1.1364,2164560414.0,7705835073.84,2026-07-14
2023-12-04,sz.000813,德展健康,3.58,3.58,3.59,3.5,32473200,115534102.0,1.5002,0.5618,2164591388.0,7749237169.04,2026-07-14
2023-12-05,sz.000813,德展健康,3.57,3.51,3.61,3.51,41960720,148913817.85,1.9385,-1.9553,2164597369.0,7597736765.19,2026-07-14
2023-12-06,sz.000813,德展健康,3.5,3.52,3.55,3.48,32309015,113519987.65,1.4926,0.2849,2164613091.0,7619438080.32,2026-07-14
2023-12-07,sz.000813,德展健康,3.5,3.45,3.52,3.45,27110500,94208692.0,1.2524,-1.9886,2164683807.0,7468159134.150001,2026-07-14
2023-12-08,sz.000813,德展健康,3.43,3.42,3.48,3.4,26584920,91438978.2,1.2282,-0.8696,2164543234.0,7402737860.28,2026-07-14
2023-12-11,sz.000813,德展健康,3.39,3.42,3.46,3.38,24277000,82845176.0,1.1215,0.0,2164690147.0,7403240302.74,2026-07-14
2023-12-12,sz.000813,德展健康,3.4,3.45,3.48,3.4,20369009,70017748.03,0.941,0.8772,2164613071.0,7467915094.950001,2026-07-14
2023-12-13,sz.000813,德展健康,3.46,3.46,3.53,3.43,26292700,91822338.0,1.2147,0.2899,2164542685.0,7489317690.1,2026-07-14
2023-12-14,sz.000813,德展健康,3.45,3.42,3.5,3.41,26428950,90913590.0,1.221,-1.1561,2164533170.0,7402703441.4,2026-07-14
2023-12-15,sz.000813,德展健康,3.42,3.35,3.43,3.35,27416400,92582157.0,1.2666,-2.0468,2164566556.0,7251297962.6,2026-07-14
2023-12-18,sz.000813,德展健康,3.36,3.34,3.4,3.33,22114107,74336331.52,1.0216,-0.2985,2164654170.0,7229944927.799999,2026-07-14
2023-12-19,sz.000813,德展健康,3.35,3.32,3.35,3.29,20353750,67485331.0,0.9403,-0.5988,2164601723.0,7186477720.36,2026-07-14
2023-12-20,sz.000813,德展健康,3.31,3.25,3.34,3.25,17888224,58848256.48,0.8264,-2.1084,2164596321.0,7034938043.25,2026-07-14
2023-12-21,sz.000813,德展健康,3.26,3.28,3.29,3.21,20167496,65581315.9,0.9317,0.9231,2164591177.0,7099859060.559999,2026-07-14
2023-12-22,sz.000813,德展健康,3.28,3.23,3.29,3.22,18999023,61697656.29,0.8777,-1.5244,2164637462.0,6991779002.26,2026-07-14
2023-12-25,sz.000813,德展健康,3.21,3.23,3.25,3.19,17364600,55865071.5,0.8022,0.0,2164622289.0,6991729993.47,2026-07-14
2023-12-26,sz.000813,德展健康,3.23,3.25,3.33,3.17,43264600,140441483.0,1.9987,0.6192,2164637014.0,7035070295.5,2026-07-14
2023-12-27,sz.000813,德展健康,3.25,3.2,3.25,3.18,46921255,150807801.68,2.1676,-1.5385,2164663914.0,6926924524.8,2026-07-14
2023-12-28,sz.000813,德展健康,3.18,3.23,3.25,3.16,30271093,97209199.32,1.3984,0.9375,2164694866.0,6991964417.18,2026-07-14
2023-12-29,sz.000813,德展健康,3.22,3.27,3.28,3.21,21864473,71257209.98,1.0101,1.2384,2164584992.0,7078192923.84,2026-07-14
2024-01-02,sz.000813,德展健康,3.27,3.23,3.28,3.22,21893732,71059573.12,1.0114,-1.2232,2164695669.0,6991967010.87,2026-07-14
2024-01-03,sz.000813,德展健康,3.23,3.25,3.3,3.22,24019796,78457174.12,1.1097,0.6192,2164530594.0,7034724430.5,2026-07-14
2024-01-04,sz.000813,德展健康,3.25,3.27,3.28,3.23,20648489,67283988.05,0.9539,0.6154,2164638746.0,7078368699.42,2026-07-14
2024-01-05,sz.000813,德展健康,3.25,3.19,3.29,3.17,23659602,76317694.44,1.093,-2.4465,2164647941.0,6905226931.79,2026-07-14
2024-01-08,sz.000813,德展健康,3.17,3.18,3.3,3.15,57671519,185298273.24,2.6643,-0.3135,2164603048.0,6883437692.64,2026-07-14
2024-01-09,sz.000813,德展健康,3.17,3.13,3.2,3.1,51002843,160189295.26,2.3562,-1.5723,2164622825.0,6775269442.25,2026-07-14
2024-01-10,sz.000813,德展健康,3.12,3.11,3.17,3.07,20080026,62778839.82,0.9276,-0.639,2164728978.0,6732307121.58,2026-07-14
2024-01-11,sz.000813,德展健康,3.16,3.17,3.2,3.1,24714726,77755750.9,1.1418,1.9293,2164540725.0,6861594098.25,2026-07-14
2024-01-12,sz.000813,德展健康,3.15,3.11,3.19,3.11,21160099,66537339.67,0.9775,-1.8927,2164716010.0,6732266791.099999,2026-07-14
2024-01-15,sz.000813,德展健康,3.11,3.13,3.15,3.06,17496401,54634052.15,0.8083,0.6431,2164592478.0,6775174456.139999,2026-07-14
2024-01-16,sz.000813,德展健康,3.12,3.09,3.12,3.04,20200816,62243940.96,0.9332,-1.278,2164682383.0,6688868563.469999,2026-07-14
2024-01-17,sz.000813,德展健康,3.07,3.0,3.1,3.0,19624345,59729570.9,0.9066,-2.9126,2164608979.0,6493826937.0,2026-07-14
2024-01-18,sz.000813,德展健康,2.99,2.96,2.99,2.88,33779067,99012864.98,1.5605,-1.3333,2164631016.0,6407307807.36,2026-07-14
2024-01-19,sz.000813,德展健康,2.98,2.92,2.98,2.92,20965638,61833572.94,0.9686,-1.3514,2164530043.0,6320427725.559999,2026-07-14
2024-01-22,sz.000813,德展健康,2.94,2.76,2.94,2.75,28835113,81959375.89,1.3321,-5.4795,2164635763.0,5974394705.879999,2026-07-14
2024-01-23,sz.000813,德展健康,2.75,2.77,2.78,2.7,25618297,70433924.72,1.1835,0.3623,2164621631.0,5996001917.87,2026-07-14
2024-01-24,sz.000813,德展健康,2.78,2.86,2.88,2.73,28592300,80163925.0,1.3209,3.2491,2164607465.0,6190777349.9,2026-07-14
2024-01-25,sz.000813,德展健康,2.86,2.98,2.99,2.85,28330789,83104174.55,1.3088,4.1958,2164638524.0,6450622801.5199995,2026-07-14
2024-01-26,sz.000813,德展健康,2.98,2.98,3.03,2.96,22028606,65984001.41,1.0177,0.0,2164548099.0,6450353335.0199995,2026-07-14
2024-01-29,sz.000813,德展健康,3.13,2.9,3.13,2.9,44065450,130934649.48,2.0357,-2.6846,2164633787.0,6277437982.3,2026-07-14
2024-01-30,sz.000813,德展健康,2.85,2.79,2.89,2.78,30135097,85630297.42,1.3922,-3.7931,2164566657.0,6039140973.03,2026-07-14
2024-01-31,sz.000813,德展健康,2.82,2.69,2.85,2.68,33775200,93075762.93,1.5603,-3.5842,2164660642.0,5822937126.98,2026-07-14
2024-02-01,sz.000813,德展健康,2.66,2.71,2.77,2.65,37396650,101527686.0,1.7276,0.7435,2164659065.0,5866226066.15,2026-07-14
2024-02-02,sz.000813,德展健康,2.72,2.56,2.77,2.47,43432500,113969644.69,2.0065,-5.5351,2164590082.0,5541350609.92,2026-07-14
2024-02-05,sz.000813,德展健康,2.55,2.36,2.56,2.3,49758177,118639654.86,2.2987,-7.8125,2164622482.0,5108509057.5199995,2026-07-14
2024-02-06,sz.000813,德展健康,2.33,2.46,2.53,2.23,47944312,113547113.13,2.2149,4.2373,2164626484.0,5324981150.64,2026-07-14
2024-02-07,sz.000813,德展健康,2.48,2.5,2.6,2.45,49224775,124087228.84,2.2741,1.626,2164582692.0,5411456730.0,2026-07-14
2024-02-08,sz.000813,德展健康,2.49,2.71,2.74,2.48,54009097,143291845.75,2.4951,8.4,2164606509.0,5866083639.39,2026-07-14
2024-02-19,sz.000813,德展健康,2.85,2.78,2.85,2.74,44524502,123968359.08,2.0569,2.583,2164641062.0,6017702152.36,2026-07-14
2024-02-20,sz.000813,德展健康,2.73,2.86,2.94,2.7,53649750,153022569.48,2.4785,2.8777,2164605608.0,6190772038.88,2026-07-14
2024-02-21,sz.000813,德展健康,2.8,2.81,2.91,2.75,46953149,133054323.7,2.1691,-1.7483,2164637361.0,6082630984.41,2026-07-14
2024-02-22,sz.000813,德展健康,2.8,2.85,2.86,2.8,26328874,74562731.43,1.2163,1.4235,2164669407.0,6169307809.95,2026-07-14
2024-02-23,sz.000813,德展健康,2.85,2.89,2.89,2.82,33072299,94325456.16,1.5279,1.4035,2164559133.0,6255575894.37,2026-07-14
2024-02-26,sz.000813,德展健康,2.88,2.89,2.94,2.85,29219998,84639233.55,1.3499,0.0,2164604637.0,6255707400.93,2026-07-14
2024-02-27,sz.000813,德展健康,2.9,2.97,2.97,2.87,29890083,87570318.54,1.3808,2.7682,2164693149.0,6429138652.530001,2026-07-14
2024-02-28,sz.000813,德展健康,3.03,2.86,3.12,2.84,57653695,173368904.57,2.6635,-3.7037,2164584006.0,6190710257.16,2026-07-14
2024-02-29,sz.000813,德展健康,2.82,2.9,2.91,2.81,35134202,100908602.8,1.6231,1.3986,2164635697.0,6277443521.3,2026-07-14
2024-03-01,sz.000813,德展健康,2.91,2.88,2.91,2.84,26896645,77292276.15,1.2426,-0.6897,2164545711.0,6233891647.679999,2026-07-14
2024-03-04,sz.000813,德展健康,2.89,2.91,2.94,2.85,29915900,86521655.0,1.382,1.0417,2164681621.0,6299223517.110001,2026-07-14
2024-03-05,sz.000813,德展健康,2.88,2.83,2.88,2.82,23401019,66510568.77,1.0811,-2.7491,2164556378.0,6125694549.74,2026-07-14
2024-03-06,sz.000813,德展健康,2.83,2.82,2.85,2.78,17549496,49397049.84,0.8107,-0.3534,2164733687.0,6104548997.339999,2026-07-14
2024-03-07,sz.000813,德展健康,2.81,2.78,2.85,2.77,19885700,55945000.0,0.9187,-1.4184,2164547730.0,6017442689.4,2026-07-14
2024-03-08,sz.000813,德展健康,2.81,2.82,2.89,2.78,29450100,83265163.0,1.3605,1.4388,2164652701.0,6104320616.82,2026-07-14
2024-03-11,sz.000813,德展健康,2.82,2.86,2.86,2.79,28415364,80569607.31,1.3127,1.4184,2164650263.0,6190899752.179999,2026-07-14
2024-03-12,sz.000813,德展健康,2.87,2.91,2.93,2.84,26528250,76945338.5,1.2255,1.7483,2164687882.0,6299241736.62,2026-07-14
2024-03-13,sz.000813,德展健康,2.9,2.9,2.93,2.86,25280500,72968893.0,1.1679,-0.3436,2164611696.0,6277373918.4,2026-07-14
2024-03-14,sz.000813,德展健康,2.98,2.9,3.01,2.87,33462350,98094038.55,1.5459,0.0,2164586972.0,6277302218.8,2026-07-14
2024-03-15,sz.000813,德展健康,2.9,2.91,2.93,2.87,22526595,65308471.6,1.0407,0.3448,2164561833.0,6298874934.030001,2026-07-14
2024-03-18,sz.000813,德展健康,2.92,3.0,3.01,2.91,31869512,94118682.28,1.4723,3.0928,2164607213.0,6493821639.0,2026-07-14
2024-03-19,sz.000813,德展健康,3.0,3.0,3.05,2.98,29239674,88059259.26,1.3508,0.0,2164619041.0,6493857123.0,2026-07-14
2024-03-20,sz.000813,德展健康,2.98,3.01,3.02,2.97,21219600,63528929.0,0.9803,0.3333,2164602673.0,6515454045.73,2026-07-14
2024-03-21,sz.000813,德展健康,3.0,2.98,3.03,2.97,19523169,58574438.62,0.9019,-0.9967,2164671139.0,6450719994.22,2026-07-14
2024-03-22,sz.000813,德展健康,2.99,2.91,2.99,2.9,21917506,64205631.46,1.0125,-2.349,2164691951.0,6299253577.41,2026-07-14
2024-03-25,sz.000813,德展健康,2.91,2.88,2.96,2.88,25981729,76160549.68,1.2003,-1.0309,2164602933.0,6234056447.04,2026-07-14
2024-03-26,sz.000813,德展健康,2.88,2.87,2.9,2.83,19989105,57287726.3,0.9234,-0.3472,2164728720.0,6212771426.400001,2026-07-14
2024-03-27,sz.000813,德展健康,2.87,2.9,3.07,2.86,50137200,147677447.0,2.3162,1.0453,2164631724.0,6277431999.599999,2026-07-14
2024-03-28,sz.000813,德展健康,2.83,2.91,2.95,2.78,42323499,122181076.03,1.9552,0.3448,2164663410.0,6299170523.1,2026-07-14
2024-03-29,sz.000813,德展健康,2.92,2.9,2.95,2.87,22152545,64093729.05,1.0234,-0.3436,2164602795.0,6277348105.5,2026-07-14
2024-04-01,sz.000813,德展健康,2.9,2.96,2.96,2.89,23274250,68167228.0,1.0752,2.069,2164643787.0,6407345609.5199995,2026-07-14
2024-04-02,sz.000813,德展健康,2.95,2.96,3.01,2.94,26133943,77604146.17,1.2073,0.0,2164660234.0,6407394292.64,2026-07-14
2024-04-03,sz.000813,德展健康,2.97,2.97,2.99,2.93,18925792,56015665.48,0.8743,0.3378,2164679401.0,6429097820.97,2026-07-14
2024-04-08,sz.000813,德展健康,2.97,2.9,2.98,2.89,23387219,68429851.1,1.0804,-2.3569,2164681507.0,6277576370.3,2026-07-14
2024-04-09,sz.000813,德展健康,2.89,2.93,2.93,2.85,18696421,54026159.18,0.8637,1.0345,2164689244.0,6342539484.92,2026-07-14
2024-04-10,sz.000813,德展健康,2.92,2.87,2.93,2.85,17941410,51814935.65,0.8288,-2.0478,2164745415.0,6212819341.05,2026-07-14
2024-04-11,sz.000813,德展健康,2.85,2.88,2.91,2.84,14319409,41252472.88,0.6615,0.3484,2164687680.0,6234300518.4,2026-07-14
2024-04-12,sz.000813,德展健康,2.92,2.82,2.94,2.82,21249114,60761362.26,0.9817,-2.0833,2164522155.0,6103952477.099999,2026-07-14
2024-04-15,sz.000813,德展健康,2.81,2.9,2.91,2.69,48157432,134466563.43,2.2248,2.8369,2164573535.0,6277263251.5,2026-07-14
2024-04-16,sz.000813,德展健康,2.89,2.61,2.9,2.61,53786132,144277146.43,2.4848,-10.0,2164606085.0,5649621881.849999,2026-07-14
2024-04-17,sz.000813,德展健康,2.65,2.77,2.78,2.65,37702296,103146572.4,1.7418,6.1303,2164559421.0,5995829596.17,2026-07-14
2024-04-18,sz.000813,德展健康,2.79,2.73,2.79,2.73,22134932,60975121.08,1.0226,-1.444,2164573831.0,5909286558.63,2026-07-14
2024-04-19,sz.000813,德展健康,2.71,2.7,2.75,2.69,14753200,39988732.0,0.6816,-1.0989,2164495305.0,5844137323.5,2026-07-14
2024-04-22,sz.000813,德展健康,2.7,2.69,2.74,2.66,16437901,44435144.7,0.7594,-0.3704,2164590598.0,5822748708.62,2026-07-14
2024-04-23,sz.000813,德展健康,2.69,2.71,2.73,2.67,14878400,40242685.0,0.6873,0.7435,2164760658.0,5866501383.18,2026-07-14
2024-04-24,sz.000813,德展健康,2.7,2.74,2.74,2.68,16833729,45727473.5,0.7777,1.107,2164553041.0,5930875332.34,2026-07-14
2024-04-25,sz.000813,德展健康,2.63,2.63,2.69,2.6,41094968,108399701.84,1.8985,-4.0146,2164601949.0,5692903125.87,2026-07-14
2024-04-26,sz.000813,德展健康,2.61,2.63,2.64,2.57,25378815,66217101.55,1.1724,0.0,2164689099.0,5693132330.37,2026-07-14
2024-04-29,sz.000813,德展健康,2.62,2.75,2.75,2.62,31377361,84783125.48,1.4496,4.5627,2164553049.0,5952520884.75,2026-07-14
2024-04-30,sz.000813,德展健康,2.75,2.82,2.86,2.71,40228400,112095950.0,1.8585,2.5455,2164562819.0,6104067149.58,2026-07-14
2024-05-06,sz.000813,德展健康,2.8,2.89,2.91,2.8,42282554,120823585.94,1.9533,2.4823,2164672810.0,6255904420.900001,2026-07-14
2024-05-07,sz.000813,德展健康,2.92,2.94,2.95,2.86,37561772,109616844.52,1.7353,1.7301,2164569354.0,6363833900.76,2026-07-14
2024-05-08,sz.000813,德展健康,3.01,2.99,3.1,2.93,85085972,255824799.53,3.9308,1.7007,2164596825.0,6472144506.75,2026-07-14
2024-05-09,sz.000813,德展健康,2.94,2.96,3.02,2.91,53296070,158547935.37,2.4621,-1.0033,2164659031.0,6407390731.76,2026-07-14
2024-05-10,sz.000813,德展健康,2.98,2.87,3.0,2.85,39544434,115273285.17,1.8269,-3.0405,2164564782.0,6212300924.34,2026-07-14
2024-05-13,sz.000813,德展健康,2.9,2.77,2.9,2.76,31800799,89619251.95,1.4691,-3.4843,2164644953.0,5996066519.81,2026-07-14
2024-05-14,sz.000813,德展健康,2.79,2.79,2.82,2.77,23669669,66165261.47,1.0935,0.722,2164578784.0,6039174807.36,2026-07-14
2024-05-15,sz.000813,德展健康,2.78,2.72,2.79,2.71,18896711,51700240.81,0.873,-2.509,2164571707.0,5887635043.04,2026-07-14
2024-05-16,sz.000813,德展健康,2.72,2.68,2.74,2.67,22271840,60070903.4,1.0289,-1.4706,2164626300.0,5801198484.0,2026-07-14
2024-05-17,sz.000813,德展健康,2.68,2.69,2.72,2.65,23671402,63425316.86,1.0936,0.3731,2164539320.0,5822610770.8,2026-07-14
2024-05-20,sz.000813,德展健康,2.69,2.7,2.72,2.67,23112571,62342856.66,1.0677,0.3717,2164706472.0,5844707474.400001,2026-07-14
2024-05-21,sz.000813,德展健康,2.71,2.64,2.71,2.63,22464600,59564924.0,1.0378,-2.2222,2164636732.0,5714640972.4800005,2026-07-14
2024-05-22,sz.000813,德展健康,2.69,2.67,2.72,2.65,24175632,64773997.5,1.1169,1.1364,2164529680.0,5779294245.599999,2026-07-14
2024-05-23,sz.000813,德展健康,2.64,2.58,2.65,2.57,29202160,76031286.8,1.3491,-3.3708,2164566007.0,5584580298.06,2026-07-14
2024-05-24,sz.000813,德展健康,2.58,2.56,2.6,2.55,15387569,39569764.33,0.7109,-0.7752,2164519482.0,5541169873.92,2026-07-14
2024-05-27,sz.000813,德展健康,2.55,2.55,2.58,2.51,14872436,37695143.44,0.6871,-0.3906,2164522777.0,5519533081.349999,2026-07-14
2024-05-28,sz.000813,德展健康,2.56,2.51,2.56,2.51,11938783,30122856.99,0.5515,-1.5686,2164783862.0,5433607493.62,2026-07-14
2024-05-29,sz.000813,德展健康,2.5,2.49,2.54,2.47,14596800,36535613.0,0.6743,-0.7968,2164733798.0,5390187157.02,2026-07-14
2024-05-30,sz.000813,德展健康,2.49,2.48,2.52,2.44,14219644,35386123.12,0.6569,-0.4016,2164658852.0,5368353952.96,2026-07-14
2024-05-31,sz.000813,德展健康,2.49,2.54,2.55,2.48,14498404,36628383.08,0.6698,2.4194,2164587041.0,5498051084.14,2026-07-14
2024-06-03,sz.000813,德展健康,2.54,2.43,2.54,2.41,24140343,59294556.1,1.1152,-4.3307,2164664903.0,5260135714.29,2026-07-14
2024-06-04,sz.000813,德展健康,2.36,2.4,2.42,2.34,16493723,39289052.28,0.762,-1.2346,2164530577.0,5194873384.8,2026-07-14
2024-06-05,sz.000813,德展健康,2.38,2.35,2.41,2.35,12403201,29453940.37,0.573,-2.0833,2164607504.0,5086827634.400001,2026-07-14
2024-06-06,sz.000813,德展健康,2.35,2.23,2.36,2.18,33366752,75031509.53,1.5415,-5.1064,2164563866.0,4826977421.18,2026-07-14
2024-06-07,sz.000813,德展健康,2.27,2.31,2.31,2.26,18868085,43192852.97,0.8717,3.5874,2164515888.0,5000031701.28,2026-07-14
2024-06-11,sz.000813,德展健康,2.28,2.3,2.33,2.26,13792350,31635075.0,0.6372,-0.4329,2164524482.0,4978406308.599999,2026-07-14
2024-06-12,sz.000813,德展健康,2.3,2.34,2.37,2.29,14217200,33232004.0,0.6568,1.7391,2164616322.0,5065202193.48,2026-07-14
2024-06-13,sz.000813,德展健康,2.33,2.29,2.36,2.27,13459075,31016357.25,0.6218,-2.1368,2164534416.0,4956783812.64,2026-07-14
2024-06-14,sz.000813,德展健康,2.27,2.29,2.3,2.25,14326250,32595461.0,0.6618,0.0,2164740103.0,4957254835.87,2026-07-14
2024-06-17,sz.000813,德展健康,2.28,2.26,2.29,2.24,9484586,21479223.08,0.4382,-1.31,2164442264.0,4891639516.639999,2026-07-14
2024-06-18,sz.000813,德展健康,2.26,2.27,2.29,2.24,9831700,22359138.0,0.4542,0.4425,2164619111.0,4913685381.97,2026-07-14
2024-06-19,sz.000813,德展健康,2.28,2.24,2.29,2.24,9453944,21336982.06,0.4367,-1.3216,2164860087.0,4849286594.88,2026-07-14
2024-06-20,sz.000813,德展健康,2.24,2.19,2.29,2.19,17127519,38267174.56,0.7912,-2.2321,2164752149.0,4740807206.309999,2026-07-14
2024-06-21,sz.000813,德展健康,2.19,2.2,2.25,2.16,11086059,24541704.9,0.5121,0.4566,2164823081.0,4762610778.200001,2026-07-14
2024-06-24,sz.000813,德展健康,2.21,2.1,2.21,2.09,14840854,31630930.4,0.6856,-4.5455,2164651984.0,4545769166.400001,2026-07-14
2024-06-25,sz.000813,德展健康,2.11,2.13,2.15,2.09,15681356,33269595.26,0.7244,1.4286,2164737162.0,4610890155.059999,2026-07-14
2024-06-26,sz.000813,德展健康,2.14,2.24,2.25,2.12,19500752,42547349.36,0.9009,5.1643,2164585637.0,4848671826.88,2026-07-14
2024-06-27,sz.000813,德展健康,2.24,2.14,2.25,2.14,18581700,40542109.0,0.8584,-4.4643,2164690121.0,4632436858.940001,2026-07-14
2024-06-28,sz.000813,德展健康,2.15,2.08,2.18,2.06,23838022,50597092.81,1.1013,-2.8037,2164534822.0,4502232429.76,2026-07-14
2024-07-01,sz.000813,德展健康,2.15,2.29,2.29,2.15,48177596,107084629.39,2.2257,10.0962,2164604214.0,4956943650.06,2026-07-14
2024-07-02,sz.000813,德展健康,2.26,2.26,2.31,2.23,56761508,128982681.52,2.6222,-1.31,2164652124.0,4892113800.24,2026-07-14
2024-07-03,sz.000813,德展健康,2.32,2.26,2.39,2.26,47823065,110679962.49,2.2093,0.0,2164625221.0,4892052999.459999,2026-07-14
2024-07-04,sz.000813,德展健康,2.27,2.2,2.28,2.18,35799389,79220980.25,1.6538,-2.6549,2164674628.0,4762284181.6,2026-07-14
2024-07-05,sz.000813,德展健康,2.18,2.42,2.42,2.16,47894672,110619495.06,2.2126,10.0,2164633101.0,5238412104.42,2026-07-14
2024-07-08,sz.000813,德展健康,2.48,2.44,2.61,2.32,89687938,216606022.59,4.1434,0.8264,2164597625.0,5281618205.0,2026-07-14
2024-07-09,sz.000813,德展健康,2.43,2.37,2.44,2.31,55695468,131021074.99,2.573,-2.8689,2164612048.0,5130130553.76,2026-07-14
2024-07-10,sz.000813,德展健康,2.35,2.35,2.4,2.31,36147098,84936633.79,1.6699,-0.8439,2164626505.0,5086872286.75,2026-07-14
2024-07-11,sz.000813,德展健康,2.42,2.39,2.44,2.36,43992496,105441020.45,2.0323,1.7021,2164665453.0,5173550432.67,2026-07-14
2024-07-12,sz.000813,德展健康,2.4,2.42,2.46,2.38,37745900,91003324.0,1.7438,1.2552,2164577360.0,5238277211.2,2026-07-14
2024-07-15,sz.000813,德展健康,2.38,2.31,2.39,2.31,30020751,70038406.61,1.3869,-4.5455,2164593770.0,5000211608.7,2026-07-14
2024-07-16,sz.000813,德展健康,2.32,2.31,2.33,2.28,20622823,47578004.9,0.9527,0.0,2164671250.0,5000390587.5,2026-07-14
2024-07-17,sz.000813,德展健康,2.31,2.34,2.35,2.29,21847973,50723644.63,1.0093,1.2987,2164665907.0,5065318222.38,2026-07-14
2024-07-18,sz.000813,德展健康,2.33,2.4,2.44,2.29,32337932,76427513.25,1.4939,2.5641,2164665105.0,5195196252.0,2026-07-14
2024-07-19,sz.000813,德展健康,2.41,2.37,2.44,2.36,26205901,62748523.39,1.2106,-1.25,2164703535.0,5130347377.95,2026-07-14
2024-07-22,sz.000813,德展健康,2.36,2.35,2.37,2.32,20263422,47526171.69,0.9361,-0.8439,2164664245.0,5086960975.75,2026-07-14
2024-07-23,sz.000813,德展健康,2.35,2.32,2.37,2.32,19707521,46276433.56,0.9104,-1.2766,2164710127.0,5022127494.639999,2026-07-14
2024-07-24,sz.000813,德展健康,2.31,2.23,2.32,2.23,27755600,62849958.0,1.2822,-3.8793,2164685696.0,4827249102.08,2026-07-14
2024-07-25,sz.000813,德展健康,2.21,2.26,2.28,2.2,14018700,31548476.0,0.6476,1.3453,2164715874.0,4892257875.24,2026-07-14
2024-07-26,sz.000813,德展健康,2.25,2.28,2.29,2.25,13316900,30302676.0,0.6152,0.885,2164645644.0,4935392068.32,2026-07-14
2024-07-29,sz.000813,德展健康,2.28,2.26,2.28,2.25,10086139,22860010.75,0.466,-0.8772,2164407511.0,4891560974.86,2026-07-14
2024-07-30,sz.000813,德展健康,2.27,2.31,2.32,2.27,14570239,33543567.09,0.6731,2.2124,2164647006.0,5000334583.86,2026-07-14
2024-07-31,sz.000813,德展健康,2.3,2.39,2.39,2.29,23712150,55912814.5,1.0954,3.4632,2164702392.0,5173638716.88,2026-07-14
2024-08-01,sz.000813,德展健康,2.39,2.38,2.43,2.37,21072550,50431005.0,0.9735,-0.4184,2164617360.0,5151789316.8,2026-07-14
2024-08-02,sz.000813,德展健康,2.37,2.41,2.47,2.36,31919501,77450103.94,1.4746,1.2605,2164620982.0,5216736566.62,2026-07-14
2024-08-05,sz.000813,德展健康,2.39,2.38,2.45,2.37,27802972,67161177.86,1.2844,-1.2448,2164666148.0,5151905432.24,2026-07-14
2024-08-06,sz.000813,德展健康,2.4,2.45,2.45,2.38,28828250,69918602.5,1.3318,2.9412,2164608049.0,5303289720.05,2026-07-14
2024-08-07,sz.000813,德展健康,2.44,2.42,2.45,2.41,20059600,48602288.0,0.9267,-1.2245,2164627172.0,5238397756.24,2026-07-14
2024-08-08,sz.000813,德展健康,2.41,2.45,2.47,2.4,25232200,61795438.0,1.1657,1.2397,2164553487.0,5303156043.150001,2026-07-14
2024-08-09,sz.000813,德展健康,2.46,2.41,2.5,2.4,20981250,51130773.0,0.9693,-1.6327,2164577530.0,5216631847.3,2026-07-14
2024-08-12,sz.000813,德展健康,2.41,2.43,2.46,2.4,22487800,54738272.0,1.0389,0.8299,2164577919.0,5259924343.17,2026-07-14
2024-08-13,sz.000813,德展健康,2.42,2.41,2.43,2.37,16287500,39010408.0,0.7524,-0.823,2164739500.0,5217022195.0,2026-07-14
2024-08-14,sz.000813,德展健康,2.4,2.39,2.42,2.35,14256700,34022846.0,0.6586,-0.8299,2164697844.0,5173627847.16,2026-07-14
2024-08-15,sz.000813,德展健康,2.39,2.45,2.5,2.38,32131664,78488831.97,1.4844,2.5105,2164623013.0,5303326381.85,2026-07-14
2024-08-16,sz.000813,德展健康,2.45,2.42,2.46,2.41,22166800,53800128.0,1.0241,-1.2245,2164515184.0,5238126745.28,2026-07-14
2024-08-19,sz.000813,德展健康,2.42,2.42,2.44,2.39,15148400,36558386.0,0.6998,0.0,2164675622.0,5238515005.24,2026-07-14
2024-08-20,sz.000813,德展健康,2.42,2.38,2.42,2.36,14193998,33804288.22,0.6557,-1.6529,2164709166.0,5152007815.08,2026-07-14
2024-08-21,sz.000813,德展健康,2.37,2.35,2.38,2.33,13501350,31769994.0,0.6237,-1.2605,2164718615.0,5087088745.25,2026-07-14
2024-08-22,sz.000813,德展健康,2.34,2.29,2.35,2.28,14366700,33217710.0,0.6637,-2.5532,2164637637.0,4957020188.7300005,2026-07-14
2024-08-23,sz.000813,德展健康,2.29,2.28,2.31,2.25,14029398,31948300.46,0.6481,-0.4367,2164696497.0,4935508013.16,2026-07-14
2024-08-26,sz.000813,德展健康,2.27,2.34,2.34,2.26,17341550,40003047.0,0.8011,2.6316,2164717264.0,5065438397.759999,2026-07-14
2024-08-27,sz.000813,德展健康,2.32,2.38,2.41,2.32,25900201,61501437.36,1.1965,1.7094,2164663686.0,5151899572.679999,2026-07-14
2024-08-28,sz.000813,德展健康,2.35,2.39,2.43,2.34,22690500,54286317.0,1.0482,0.4202,2164710933.0,5173659129.87,2026-07-14
2024-08-29,sz.000813,德展健康,2.39,2.41,2.42,2.37,16074500,38638412.0,0.7426,0.8368,2164624293.0,5216744546.13,2026-07-14
2024-08-30,sz.000813,德展健康,2.41,2.44,2.47,2.4,22048400,53878604.0,1.0186,1.2448,2164578834.0,5281572354.96,2026-07-14
2024-09-02,sz.000813,德展健康,2.41,2.41,2.46,2.4,19646400,47734366.0,0.9076,-1.2295,2164654033.0,5216816219.530001,2026-07-14
2024-09-03,sz.000813,德展健康,2.42,2.46,2.47,2.4,20486200,50131141.0,0.9464,2.0747,2164644970.0,5325026626.2,2026-07-14
2024-09-04,sz.000813,德展健康,2.45,2.47,2.5,2.45,19954700,49372974.0,0.9219,0.4065,2164518928.0,5346361752.160001,2026-07-14
2024-09-05,sz.000813,德展健康,2.47,2.54,2.54,2.45,21059391,53005821.11,0.9729,2.834,2164599753.0,5498083372.62,2026-07-14
2024-09-06,sz.000813,德展健康,2.54,2.47,2.55,2.47,17910450,44773489.5,0.8274,-2.7559,2164666425.0,5346726069.75,2026-07-14
2024-09-09,sz.000813,德展健康,2.47,2.49,2.54,2.47,15475300,38751976.0,0.7149,0.8097,2164680375.0,5390054133.75,2026-07-14
2024-09-10,sz.000813,德展健康,2.5,2.48,2.51,2.43,13805900,33947662.0,0.6378,-0.4016,2164612731.0,5368239572.88,2026-07-14
2024-09-11,sz.000813,德展健康,2.47,2.45,2.48,2.43,12178582,29877792.9,0.5626,-1.2097,2164696410.0,5303506204.5,2026-07-14
2024-09-12,sz.000813,德展健康,2.46,2.46,2.5,2.45,12212800,30246283.0,0.5642,0.4082,2164622474.0,5324971286.04,2026-07-14
2024-09-13,sz.000813,德展健康,2.47,2.45,2.47,2.43,12944900,31727223.0,0.598,-0.4065,2164698997.0,5303512542.650001,2026-07-14
2024-09-18,sz.000813,德展健康,2.45,2.41,2.46,2.36,15193200,36453630.0,0.7019,-1.6327,2164581849.0,5216642256.09,2026-07-14
2024-09-19,sz.000813,德展健康,2.42,2.46,2.49,2.4,14094150,34560609.5,0.6511,2.0747,2164667486.0,5325082015.559999,2026-07-14
2024-09-20,sz.000813,德展健康,2.47,2.43,2.49,2.41,11910936,29015390.12,0.5503,-1.2195,2164444121.0,5259599214.030001,2026-07-14
2024-09-23,sz.000813,德展健康,2.5,2.45,2.54,2.44,17912858,44270678.0,0.8275,0.823,2164695831.0,5303504785.950001,2026-07-14
2024-09-24,sz.000813,德展健康,2.44,2.54,2.54,2.44,29587058,73923202.1,1.3668,3.6735,2164695493.0,5498326552.22,2026-07-14
2024-09-25,sz.000813,德展健康,2.55,2.57,2.65,2.55,31920162,83136409.54,1.4746,1.1811,2164665808.0,5563191126.559999,2026-07-14
2024-09-26,sz.000813,德展健康,2.56,2.67,2.68,2.55,30400377,79530376.98,1.4044,3.8911,2164652307.0,5779621659.69,2026-07-14
2024-09-27,sz.000813,德展健康,2.7,2.78,2.83,2.7,40997900,113219151.0,1.894,4.1199,2164619852.0,6017643188.559999,2026-07-14
2024-09-30,sz.000813,德展健康,2.92,3.05,3.05,2.87,75831156,225539662.21,3.5032,9.7122,2164625371.0,6602107381.549999,2026-07-14
2024-10-08,sz.000813,德展健康,3.36,3.14,3.36,3.01,97070116,306796670.62,4.4844,2.9508,2164617697.0,6796899568.58,2026-07-14
2024-10-09,sz.000813,德展健康,3.1,2.91,3.1,2.91,66601473,199432216.27,3.0768,-7.3248,2164634458.0,6299086272.780001,2026-07-14
2024-10-10,sz.000813,德展健康,2.94,2.89,3.01,2.85,43981702,128752009.9,2.0318,-0.6873,2164666896.0,6255887329.440001,2026-07-14
2024-10-11,sz.000813,德展健康,2.9,2.78,2.91,2.74,34260024,96762791.87,1.5827,-3.8062,2164656852.0,6017746048.559999,2026-07-14
2024-10-14,sz.000813,德展健康,2.77,2.8,2.82,2.73,29449959,81865179.61,1.3605,0.7194,2164642337.0,6060998543.599999,2026-07-14
2024-10-15,sz.000813,德展健康,2.79,2.75,2.85,2.75,35156092,97992981.52,1.6241,-1.7857,2164650699.0,5952789422.25,2026-07-14
2024-10-16,sz.000813,德展健康,2.71,2.77,2.82,2.7,28518500,78733913.0,1.3175,0.7273,2164592030.0,5995919923.1,2026-07-14
2024-10-17,sz.000813,德展健康,2.78,2.73,2.8,2.72,23568182,65030515.5,1.0888,-1.444,2164601580.0,5909362313.4,2026-07-14
2024-10-18,sz.000813,德展健康,2.74,2.8,2.83,2.71,35749890,99035828.4,1.6516,2.5641,2164561032.0,6060770889.599999,2026-07-14
2024-10-21,sz.000813,德展健康,2.79,2.77,2.81,2.75,35841956,99419421.06,1.6558,-1.0714,2164630753.0,5996027185.81,2026-07-14
2024-10-22,sz.000813,德展健康,2.76,2.89,2.9,2.75,52589500,149605055.0,2.4295,4.3321,2164622350.0,6255758591.5,2026-07-14
2024-10-23,sz.000813,德展健康,2.9,2.89,2.94,2.86,35225113,101614797.54,1.6273,0.0,2164635470.0,6255796508.3,2026-07-14
2024-10-24,sz.000813,德展健康,2.97,3.07,3.18,2.97,116167138,357244203.73,5.3666,6.2284,2164631946.0,6645420074.219999,2026-07-14
2024-10-25,sz.000813,德展健康,2.94,3.03,3.05,2.92,82797047,248386610.46,3.825,-1.3029,2164628680.0,6558824900.4,2026-07-14
2024-10-28,sz.000813,德展健康,3.0,3.09,3.13,2.99,61002001,187270875.32,2.8181,1.9802,2164649977.0,6688768428.929999,2026-07-14
2024-10-29,sz.000813,德展健康,3.09,2.99,3.1,2.98,48572360,147142041.88,2.2439,-3.2362,2164640135.0,6472274003.650001,2026-07-14
2024-10-30,sz.000813,德展健康,2.97,2.98,3.01,2.93,31250173,92666028.1,1.4437,-0.3344,2164589111.0,6450475550.78,2026-07-14
2024-10-31,sz.000813,德展健康,2.96,3.01,3.03,2.94,39327454,117686493.73,1.8168,1.0067,2164655108.0,6515611875.08,2026-07-14
2024-11-01,sz.000813,德展健康,3.0,2.9,3.01,2.88,42128954,123364393.0,1.9463,-3.6545,2164566305.0,6277242284.5,2026-07-14
2024-11-04,sz.000813,德展健康,2.9,2.92,2.92,2.87,24177303,69990017.68,1.1169,0.6897,2164679291.0,6320863529.72,2026-07-14
2024-11-05,sz.000813,德展健康,2.91,2.98,2.99,2.89,35618411,105306926.48,1.6455,2.0548,2164595017.0,6450493150.66,2026-07-14
2024-11-06,sz.000813,德展健康,3.0,3.05,3.11,2.95,60548068,184420961.64,2.7972,2.349,2164595596.0,6602016567.799999,2026-07-14
2024-11-07,sz.000813,德展健康,3.03,3.18,3.22,3.01,61972000,194121568.0,2.863,4.2623,2164582606.0,6883372687.08,2026-07-14
2024-11-08,sz.000813,德展健康,3.23,3.16,3.26,3.14,51492426,163573775.9,2.3788,-0.6289,2164638725.0,6840258371.0,2026-07-14
2024-11-11,sz.000813,德展健康,3.14,3.15,3.16,3.08,43097658,134392138.22,1.991,-0.3165,2164623707.0,6818564677.05,2026-07-14
2024-11-12,sz.000813,德展健康,3.18,3.15,3.25,3.11,62260200,198408990.84,2.8763,0.0,2164593401.0,6818469213.15,2026-07-14
2024-11-13,sz.000813,德展健康,3.12,3.09,3.16,3.04,39016208,120410808.64,1.8025,-1.9048,2164560777.0,6688492800.929999,2026-07-14
2024-11-14,sz.000813,德展健康,3.07,2.97,3.07,2.96,37503300,112939566.0,1.7326,-3.8835,2164567702.0,6428766074.940001,2026-07-14
2024-11-15,sz.000813,德展健康,2.95,2.89,2.99,2.89,29203150,85978261.5,1.3491,-2.6936,2164639389.0,6255807834.21,2026-07-14
2024-11-18,sz.000813,德展健康,2.9,2.86,2.95,2.85,34116873,98473697.24,1.5761,-1.0381,2164638855.0,6190867125.3,2026-07-14
2024-11-19,sz.000813,德展健康,2.87,2.89,2.89,2.81,27127614,77474532.9,1.2532,1.049,2164667571.0,6255889280.190001,2026-07-14
2024-11-20,sz.000813,德展健康,2.89,2.96,2.97,2.87,39741400,116358969.5,1.836,2.4221,2164564270.0,6407110239.2,2026-07-14
2024-11-21,sz.000813,德展健康,2.95,3.26,3.26,2.93,126934625,401954505.11,5.8641,10.1351,2164605396.0,7056613590.959999,2026-07-14
2024-11-22,sz.000813,德展健康,3.28,3.09,3.28,3.06,140435584,443563647.99,6.4878,-5.2147,2164610253.0,6688645681.7699995,2026-07-14
2024-11-25,sz.000813,德展健康,3.13,3.17,3.25,3.07,103066059,324808757.2,4.7614,2.589,2164616688.0,6861834900.96,2026-07-14
2024-11-26,sz.000813,德展健康,3.14,3.09,3.23,3.08,66067200,207779258.65,3.0521,-2.5237,2164647292.0,6688760132.28,2026-07-14
2024-11-27,sz.000813,德展健康,3.1,3.11,3.12,3.02,50193780,153850188.4,2.3188,0.6472,2164644644.0,6732044842.84,2026-07-14
2024-11-28,sz.000813,德展健康,3.07,3.19,3.28,3.06,88490785,282144667.93,4.0881,2.5723,2164594433.0,6905056241.2699995,2026-07-14
2024-11-29,sz.000813,德展健康,3.18,3.19,3.23,3.14,58140200,185045822.0,2.6859,0.0,2164644998.0,6905217543.62,2026-07-14
2024-12-02,sz.000813,德展健康,3.19,3.25,3.28,3.19,61434173,198676646.12,2.8381,1.8809,2164623269.0,7035025624.25,2026-07-14
2024-12-03,sz.000813,德展健康,3.26,3.29,3.32,3.22,57340700,187579719.0,2.649,1.2308,2164616837.0,7121589393.7300005,2026-07-14
2024-12-04,sz.000813,德展健康,3.3,3.15,3.31,3.13,62612876,199849371.48,2.8926,-4.2553,2164588121.0,6818452581.15,2026-07-14
2024-12-05,sz.000813,德展健康,3.14,3.17,3.22,3.1,39807402,125990543.17,1.839,0.6349,2164622186.0,6861852329.62,2026-07-14
2024-12-06,sz.000813,德展健康,3.18,3.49,3.49,3.17,129622503,438888955.74,5.9882,10.0946,2164632160.0,7554566238.400001,2026-07-14
2024-12-09,sz.000813,德展健康,3.84,3.84,3.84,3.84,19925339,76513301.76,0.9205,10.0287,2164621293.0,8312145765.12,2026-07-14
2024-12-10,sz.000813,德展健康,4.1,4.22,4.22,3.79,398090874,1624061790.56,18.3908,9.8958,2164619669.0,9134695003.18,2026-07-14
2024-12-11,sz.000813,德展健康,4.02,3.82,4.12,3.8,289731013,1131357021.94,13.3849,-9.4787,2164610965.0,8268813886.299999,2026-07-14
2024-12-12,sz.000813,德展健康,3.77,4.2,4.2,3.77,193304401,795919797.63,8.9302,9.9476,2164614466.0,9091380757.2,2026-07-14
2024-12-13,sz.000813,德展健康,4.25,4.62,4.62,4.11,431603230,1923132281.95,19.939,10.0,2164618236.0,10000536250.32,2026-07-14
2024-12-16,sz.000813,德展健康,4.7,4.6,5.08,4.5,401519790,1965526193.78,18.5492,-0.4329,2164620523.0,9957254405.8,2026-07-14
2024-12-17,sz.000813,德展健康,4.56,4.14,4.78,4.14,287416100,1232130193.62,13.2779,-10.0,2164620158.0,8961527454.119999,2026-07-14
2024-12-18,sz.000813,德展健康,3.87,3.91,4.23,3.74,302130869,1191684894.35,13.9577,-5.5556,2164617874.0,8463655887.34,2026-07-14
2024-12-19,sz.000813,德展健康,3.88,3.69,3.96,3.55,213278415,785175191.89,9.8529,-5.6266,2164625795.0,7987469183.55,2026-07-14
2024-12-20,sz.000813,德展健康,3.65,3.67,3.74,3.64,128708567,474354667.86,5.946,-0.542,2164624403.0,7944171559.01,2026-07-14
2024-12-23,sz.000813,德展健康,3.67,3.42,3.68,3.4,123429936,432304491.24,5.7022,-6.812,2164602013.0,7402938884.46,2026-07-14
2024-12-24,sz.000813,德展健康,3.41,3.39,3.47,3.33,81030793,274548803.54,3.7434,-0.8772,2164630897.0,7338098740.83,2026-07-14
2024-12-25,sz.000813,德展健康,3.4,3.39,3.45,3.28,72246702,242519324.8,3.3376,0.0,2164630333.0,7338096828.87,2026-07-14
2024-12-26,sz.000813,德展健康,3.38,3.41,3.42,3.37,64636900,219518502.0,2.9861,0.59,2164592612.0,7381260806.92,2026-07-14
2024-12-27,sz.000813,德展健康,3.38,3.43,3.51,3.36,79717874,274595598.12,3.6828,0.5865,2164599598.0,7424576621.14,2026-07-14
2024-12-30,sz.000813,德展健康,3.37,3.27,3.39,3.24,91173900,299852878.0,4.212,-4.6647,2164622507.0,7078315597.89,2026-07-14
2024-12-31,sz.000813,德展健康,3.26,3.13,3.29,3.13,70318198,224120501.46,3.2485,-4.2813,2164635924.0,6775310442.12,2026-07-14
2025-01-02,sz.000813,德展健康,3.14,3.15,3.28,3.12,71193921,227687235.15,3.289,0.639,2164606902.0,6818511741.3,2026-07-14
2025-01-03,sz.000813,德展健康,3.19,3.03,3.21,3.02,55456874,170376514.11,2.562,-3.8095,2164593052.0,6558716947.559999,2026-07-14
2025-01-06,sz.000813,德展健康,3.04,3.07,3.12,2.97,61791085,189562513.69,2.8546,1.3201,2164614482.0,6645366459.74,2026-07-14
2025-01-07,sz.000813,德展健康,3.06,3.07,3.07,2.99,61975266,187275545.64,2.8631,0.0,2164621075.0,6645386700.25,2026-07-14
2025-01-08,sz.000813,德展健康,3.1,3.16,3.17,3.04,97386149,304011523.67,4.499,2.9316,2164617671.0,6840191840.360001,2026-07-14
2025-01-09,sz.000813,德展健康,3.1,3.13,3.18,3.06,72656007,226681133.84,3.3565,-0.9494,2164635990.0,6775310648.7,2026-07-14
2025-01-10,sz.000813,德展健康,3.11,2.97,3.12,2.96,69599250,211389075.0,3.2153,-5.1118,2164626940.0,6428942011.8,2026-07-14
2025-01-13,sz.000813,德展健康,2.91,2.95,2.96,2.86,45774216,133841813.72,2.1147,-0.6734,2164572563.0,6385489060.85,2026-07-14
2025-01-14,sz.000813,德展健康,2.98,3.1,3.1,2.96,58945790,179037991.2,2.7231,5.0847,2164657559.0,6710438432.900001,2026-07-14
2025-01-15,sz.000813,德展健康,3.1,3.06,3.1,3.02,46641990,142678435.74,2.1547,-1.2903,2164662830.0,6623868259.8,2026-07-14
2025-01-16,sz.000813,德展健康,3.08,3.11,3.16,3.08,57969707,180893751.78,2.6781,1.634,2164583361.0,6731854252.71,2026-07-14
2025-01-17,sz.000813,德展健康,3.12,3.11,3.13,3.07,34844926,108001336.84,1.6097,0.0,2164684475.0,6732168717.25,2026-07-14
2025-01-20,sz.000813,德展健康,3.13,3.13,3.16,3.09,38264889,119884813.82,1.7677,0.6431,2164670985.0,6775420183.05,2026-07-14
2025-01-21,sz.000813,德展健康,3.13,3.06,3.15,3.04,37302846,114752829.76,1.7233,-2.2364,2164617072.0,6623728240.32,2026-07-14
2025-01-22,sz.000813,德展健康,3.04,3.01,3.06,2.97,39295550,118311229.5,1.8154,-1.634,2164567038.0,6515346784.379999,2026-07-14
2025-01-23,sz.000813,德展健康,3.05,2.98,3.09,2.98,33474000,101881275.0,1.5464,-0.9967,2164640455.0,6450628555.9,2026-07-14
2025-01-24,sz.000813,德展健康,2.99,3.01,3.02,2.96,33453297,100038662.0,1.5455,1.0067,2164561436.0,6515329922.36,2026-07-14
2025-01-27,sz.000813,德展健康,3.05,3.0,3.09,3.0,33367298,101341777.0,1.5415,-0.3322,2164599286.0,6493797858.0,2026-07-14
2025-02-05,sz.000813,德展健康,3.01,3.07,3.1,3.01,44310436,136219391.99,2.047,2.3333,2164652467.0,6645483073.69,2026-07-14
2025-02-06,sz.000813,德展健康,3.08,3.09,3.09,3.01,43197985,132012064.8,1.9956,0.6515,2164661505.0,6688804050.45,2026-07-14
2025-02-07,sz.000813,德展健康,3.09,3.15,3.19,3.08,61194666,192687173.56,2.827,1.9417,2164650371.0,6818648668.65,2026-07-14
2025-02-10,sz.000813,德展健康,3.15,3.25,3.26,3.15,60962600,196592292.0,2.8163,3.1746,2164634449.0,7035061959.25,2026-07-14
2025-02-11,sz.000813,德展健康,3.26,3.19,3.27,3.16,41051800,130754999.68,1.8965,-1.8462,2164608489.0,6905101079.91,2026-07-14
2025-02-12,sz.000813,德展健康,3.17,3.2,3.2,3.15,38432150,122041014.0,1.7755,0.3135,2164581808.0,6926661785.6,2026-07-14
2025-02-13,sz.000813,德展健康,3.22,3.28,3.34,3.19,74585015,243788127.31,3.4456,2.5,2164645200.0,7100036256.0,2026-07-14
2025-02-14,sz.000813,德展健康,3.28,3.52,3.61,3.26,183447984,642013617.55,8.4748,7.3171,2164629065.0,7619494308.8,2026-07-14
2025-02-17,sz.000813,德展健康,3.51,3.5,3.59,3.43,128419612,448585711.41,5.9327,-0.5682,2164606537.0,7576122879.5,2026-07-14
2025-02-18,sz.000813,德展健康,3.47,3.34,3.47,3.33,74214696,251393068.64,3.4285,-4.5714,2164640397.0,7229898925.98,2026-07-14
2025-02-19,sz.000813,德展健康,3.31,3.35,3.36,3.28,55077426,183171256.16,2.5444,0.2994,2164652806.0,7251586900.1,2026-07-14
2025-02-20,sz.000813,德展健康,3.33,3.48,3.5,3.32,92756859,319627607.88,4.2851,3.8806,2164636975.0,7532936673.0,2026-07-14
2025-02-21,sz.000813,德展健康,3.5,3.45,3.5,3.4,57355529,196889803.74,2.6497,-0.8621,2164604634.0,7467885987.3,2026-07-14
2025-02-24,sz.000813,德展健康,3.43,3.41,3.45,3.38,42289287,144279319.29,1.9537,-1.1594,2164574244.0,7381198172.04,2026-07-14
2025-02-25,sz.000813,德展健康,3.38,3.4,3.44,3.36,35838615,122052618.83,1.6557,-0.2933,2164559703.0,7359502990.2,2026-07-14
2025-02-26,sz.000813,德展健康,3.4,3.41,3.42,3.38,31892121,108330653.72,1.4733,0.2941,2164672572.0,7381533470.52,2026-07-14
2025-02-27,sz.000813,德展健康,3.41,3.41,3.47,3.36,48202373,164901258.02,2.2268,0.0,2164647611.0,7381448353.51,2026-07-14
2025-02-28,sz.000813,德展健康,3.42,3.38,3.48,3.37,48999765,167460529.14,2.2637,-0.8798,2164587401.0,7316305415.38,2026-07-14
2025-03-03,sz.000813,德展健康,3.4,3.33,3.41,3.29,45761200,153198539.0,2.1141,-1.4793,2164571212.0,7208022135.96,2026-07-14
2025-03-04,sz.000813,德展健康,3.3,3.35,3.35,3.29,30487705,101355151.7,1.4085,0.6006,2164551296.0,7251246841.6,2026-07-14
2025-03-05,sz.000813,德展健康,3.33,3.28,3.34,3.24,33178800,108580726.0,1.5328,-2.0896,2164587683.0,7099847600.24,2026-07-14
2025-03-06,sz.000813,德展健康,3.28,3.32,3.32,3.25,37448567,123130930.77,1.73,1.2195,2164657052.0,7186661412.639999,2026-07-14
2025-03-07,sz.000813,德展健康,3.31,3.34,3.43,3.26,57999763,194325671.69,2.6794,0.6024,2164654885.0,7229947315.9,2026-07-14
2025-03-10,sz.000813,德展健康,3.37,3.43,3.44,3.36,55261393,187889459.13,2.5529,2.6946,2164651690.0,7424755296.700001,2026-07-14
2025-03-11,sz.000813,德展健康,3.38,3.47,3.48,3.34,57735001,198075531.23,2.6672,1.1662,2164629612.0,7511264753.64,2026-07-14
2025-03-12,sz.000813,德展健康,3.49,3.42,3.5,3.39,45474228,155582477.87,2.1008,-1.4409,2164614813.0,7402982660.46,2026-07-14
2025-03-13,sz.000813,德展健康,3.76,3.76,3.76,3.64,81635964,305741832.58,3.7714,9.9415,2164606353.0,8138919887.28,2026-07-14
2025-03-14,sz.000813,德展健康,3.81,3.93,4.1,3.66,248138847,965602542.05,11.4634,4.5213,2164618237.0,8506949671.410001,2026-07-14
2025-03-17,sz.000813,德展健康,3.81,4.0,4.06,3.76,171057412,666879370.37,7.9024,1.7812,2164626088.0,8658504352.0,2026-07-14
2025-03-18,sz.000813,德展健康,3.93,3.84,3.95,3.81,106074621,410712495.94,4.9004,-4.0,2164611481.0,8312108087.04,2026-07-14
2025-03-19,sz.000813,德展健康,3.8,3.69,3.81,3.67,88073363,327026782.63,4.0688,-3.9063,2164602905.0,7987384719.45,2026-07-14
2025-03-20,sz.000813,德展健康,3.65,3.62,3.67,3.6,56861601,206523631.61,2.6269,-1.897,2164589478.0,7835813910.360001,2026-07-14
2025-03-21,sz.000813,德展健康,3.66,3.56,3.68,3.53,51098018,182920981.34,2.3606,-1.6575,2164619927.0,7706046940.12,2026-07-14
2025-03-24,sz.000813,德展健康,3.53,3.44,3.58,3.36,56671256,195550012.64,2.6181,-3.3708,2164594782.0,7446206050.08,2026-07-14
2025-03-25,sz.000813,德展健康,3.43,3.46,3.49,3.41,35923845,124180979.35,1.6596,0.5814,2164608641.0,7489545897.86,2026-07-14
2025-03-26,sz.000813,德展健康,3.47,3.45,3.48,3.43,27004459,93304823.98,1.2475,-0.289,2164686092.0,7468167017.400001,2026-07-14
2025-03-27,sz.000813,德展健康,3.45,3.41,3.48,3.38,38038907,130697295.8,1.7573,-1.1594,2164622261.0,7381361910.01,2026-07-14
2025-03-28,sz.000813,德展健康,3.4,3.39,3.46,3.37,31600832,107640800.16,1.4599,-0.5865,2164588807.0,7337956055.7300005,2026-07-14
2025-03-31,sz.000813,德展健康,3.38,3.31,3.38,3.25,41076661,135662679.79,1.8976,-2.3599,2164663839.0,7165037307.09,2026-07-14
2025-04-01,sz.000813,德展健康,3.31,3.4,3.45,3.31,42841621,145405554.71,1.9792,2.719,2164592815.0,7359615571.0,2026-07-14
2025-04-02,sz.000813,德展健康,3.4,3.36,3.4,3.35,26954050,90807608.0,1.2452,-1.1765,2164636203.0,7273177642.08,2026-07-14
2025-04-03,sz.000813,德展健康,3.31,3.42,3.46,3.31,37368690,127393903.9,1.7263,1.7857,2164669524.0,7403169772.08,2026-07-14
2025-04-07,sz.000813,德展健康,3.25,3.08,3.28,3.08,41561700,130175046.0,1.92,-9.9415,2164671875.0,6667189375.0,2026-07-14
2025-04-08,sz.000813,德展健康,3.03,3.02,3.13,2.95,47523058,143937911.64,2.1954,-1.9481,2164665118.0,6537288656.36,2026-07-14
2025-04-09,sz.000813,德展健康,3.01,3.11,3.12,2.79,53725791,160098090.84,2.482,2.9801,2164616882.0,6731958503.0199995,2026-07-14
2025-04-10,sz.000813,德展健康,3.13,3.24,3.26,3.12,56192017,179313215.7,2.5959,4.1801,2164644902.0,7013449482.4800005,2026-07-14
2025-04-11,sz.000813,德展健康,3.22,3.25,3.41,3.2,56034247,184586300.26,2.5886,0.3086,2164654524.0,7035127203.0,2026-07-14
2025-04-14,sz.000813,德展健康,3.23,3.25,3.3,3.23,49096952,159976037.98,2.2682,0.0,2164577727.0,7034877612.75,2026-07-14
2025-04-15,sz.000813,德展健康,3.23,3.38,3.58,3.21,96787491,330013285.04,4.4713,4.0,2164638718.0,7316478866.84,2026-07-14
2025-04-16,sz.000813,德展健康,3.3,3.24,3.32,3.21,60633900,197291148.96,2.8011,-4.142,2164646032.0,7013453143.68,2026-07-14
2025-04-17,sz.000813,德展健康,3.2,3.24,3.29,3.18,28858733,93528756.59,1.3332,0.0,2164621437.0,7013373455.88,2026-07-14
2025-04-18,sz.000813,德展健康,3.27,3.25,3.33,3.23,31613903,103281109.72,1.4605,0.3086,2164594522.0,7034932196.5,2026-07-14
2025-04-21,sz.000813,德展健康,3.21,3.25,3.26,3.17,26488001,85619294.17,1.2237,0.0,2164582904.0,7034894438.0,2026-07-14
2025-04-22,sz.000813,德展健康,3.24,3.25,3.27,3.23,24667986,80114372.44,1.1396,0.0,2164617936.0,7035008292.0,2026-07-14
2025-04-23,sz.000813,德展健康,3.25,3.24,3.29,3.21,28362348,91920481.04,1.3103,-0.3077,2164569030.0,7013203657.200001,2026-07-14
2025-04-24,sz.000813,德展健康,3.21,3.17,3.24,3.15,35830583,114114413.14,1.6553,-2.1605,2164597535.0,6861774185.95,2026-07-14
2025-04-25,sz.000813,德展健康,3.17,3.12,3.19,3.12,29835600,93848869.74,1.3783,-1.5773,2164666618.0,6753759848.16,2026-07-14
2025-04-28,sz.000813,德展健康,3.12,3.04,3.12,3.04,26889200,82225240.0,1.2422,-2.5641,2164643375.0,6580515860.0,2026-07-14
2025-04-29,sz.000813,德展健康,3.05,3.04,3.09,2.95,61014214,183603691.46,2.8187,0.0,2164622486.0,6580452357.440001,2026-07-14
2025-04-30,sz.000813,德展健康,3.04,2.97,3.08,2.94,59724496,178541712.2,2.7591,-2.3026,2164636874.0,6428971515.780001,2026-07-14
2025-05-06,sz.000813,德展健康,2.98,3.15,3.25,2.98,85586186,266168050.1,3.9539,6.0606,2164601684.0,6818495304.599999,2026-07-14
2025-05-07,sz.000813,德展健康,3.13,3.1,3.16,3.06,66913550,206999327.18,3.0913,-1.5873,2164576392.0,6710186815.2,2026-07-14
2025-05-08,sz.000813,德展健康,3.1,3.14,3.18,3.1,43036266,135304186.24,1.9882,1.2903,2164584348.0,6796794852.72,2026-07-14
2025-05-09,sz.000813,德展健康,3.14,3.11,3.2,3.1,27941200,87536216.0,1.2908,-0.9554,2164642082.0,6732036875.0199995,2026-07-14
2025-05-12,sz.000813,德展健康,3.12,3.13,3.15,3.1,25147450,78548137.5,1.1618,0.6431,2164524875.0,6774962858.75,2026-07-14
2025-05-13,sz.000813,德展健康,3.15,3.12,3.15,3.11,23364050,73101737.0,1.0794,-0.3195,2164540485.0,6753366313.2,2026-07-14
2025-05-14,sz.000813,德展健康,3.11,3.12,3.13,3.09,21067440,65550825.3,0.9733,0.0,2164537142.0,6753355883.04,2026-07-14
2025-05-15,sz.000813,德展健康,3.12,3.16,3.18,3.09,48649928,152940679.26,2.2475,1.2821,2164624160.0,6840212345.6,2026-07-14
2025-05-16,sz.000813,德展健康,3.14,3.18,3.19,3.1,49485028,156445439.54,2.2861,0.6329,2164604698.0,6883442939.64,2026-07-14
2025-05-19,sz.000813,德展健康,3.19,3.2,3.2,3.13,32416978,102815487.7,1.4976,0.6289,2164595219.0,6926704700.8,2026-07-14
2025-05-20,sz.000813,德展健康,3.22,3.28,3.29,3.2,50432966,164685421.8,2.3299,2.5,2164597880.0,7099881046.4,2026-07-14
2025-05-21,sz.000813,德展健康,3.26,3.28,3.3,3.24,38743400,126709168.0,1.7899,0.0,2164556679.0,7099745907.12,2026-07-14
2025-05-22,sz.000813,德展健康,3.26,3.21,3.28,3.2,29554778,95600880.38,1.3654,-2.1341,2164550901.0,6948208392.21,2026-07-14
2025-05-23,sz.000813,德展健康,3.22,3.18,3.28,3.18,29456100,95341271.0,1.3608,-0.9346,2164616402.0,6883480158.360001,2026-07-14
2025-05-26,sz.000813,德展健康,3.18,3.14,3.19,3.1,35760300,111983035.0,1.6521,-1.2579,2164536045.0,6796643181.3,2026-07-14
2025-05-27,sz.000813,德展健康,3.14,3.2,3.22,3.12,35155286,111988026.34,1.6241,1.9108,2164601071.0,6926723427.200001,2026-07-14
2025-05-28,sz.000813,德展健康,3.23,3.24,3.33,3.16,53593370,173330709.3,2.4759,1.25,2164601559.0,7013309051.160001,2026-07-14
2025-05-29,sz.000813,德展健康,3.23,3.27,3.29,3.2,54213996,177030196.18,2.5046,0.9259,2164577018.0,7078166848.86,2026-07-14
2025-05-30,sz.000813,德展健康,3.26,3.29,3.37,3.25,66867315,222402216.65,3.0891,0.6116,2164621249.0,7121603909.21,2026-07-14
2025-06-03,sz.000813,德展健康,3.27,3.38,3.39,3.25,70253430,235361650.25,3.2456,2.7356,2164574501.0,7316261813.38,2026-07-14
2025-06-04,sz.000813,德展健康,3.39,3.38,3.39,3.31,54317724,181743440.12,2.5094,0.0,2164570176.0,7316247194.88,2026-07-14
2025-06-05,sz.000813,德展健康,3.37,3.34,3.41,3.32,48682581,163288850.97,2.249,-1.1834,2164632325.0,7229871965.5,2026-07-14
2025-06-06,sz.000813,德展健康,3.33,3.36,3.38,3.31,38652932,129120173.56,1.7857,0.5988,2164581509.0,7272993870.24,2026-07-14
2025-06-09,sz.000813,德展健康,3.36,3.44,3.46,3.36,59347722,203693900.9,2.7417,2.381,2164632235.0,7446334888.4,2026-07-14
2025-06-10,sz.000813,德展健康,3.43,3.43,3.5,3.37,64422850,220971610.5,2.9762,-0.2907,2164600833.0,7424580857.190001,2026-07-14
2025-06-11,sz.000813,德展健康,3.42,3.39,3.45,3.37,41045550,139470040.0,1.8962,-1.1662,2164621348.0,7338066369.72,2026-07-14
2025-06-12,sz.000813,德展健康,3.38,3.39,3.45,3.37,40173400,136386962.0,1.8559,0.0,2164631715.0,7338101513.85,2026-07-14
2025-06-13,sz.000813,德展健康,3.38,3.28,3.42,3.27,49757102,165095796.82,2.2987,-3.2448,2164575717.0,7099808351.759999,2026-07-14
2025-06-16,sz.000813,德展健康,3.29,3.32,3.35,3.26,32429100,107508026.0,1.4982,1.2195,2164537445.0,7186264317.4,2026-07-14
2025-06-17,sz.000813,德展健康,3.34,3.29,3.4,3.27,44742500,149356551.0,2.067,-0.9036,2164610547.0,7121568699.63,2026-07-14
2025-06-18,sz.000813,德展健康,3.28,3.23,3.29,3.22,30227850,98013072.0,1.3965,-1.8237,2164543502.0,6991475511.46,2026-07-14
2025-06-19,sz.000813,德展健康,3.23,3.15,3.24,3.13,30234322,95722145.74,1.3968,-2.4768,2164541953.0,6818307151.95,2026-07-14
2025-06-20,sz.000813,德展健康,3.13,3.12,3.15,3.09,28558100,89139646.0,1.3193,-0.9524,2164640340.0,6753677860.8,2026-07-14
2025-06-23,sz.000813,德展健康,3.09,3.16,3.16,3.08,21704722,68097763.3,1.0027,1.2821,2164627705.0,6840223547.8,2026-07-14
2025-06-24,sz.000813,德展健康,3.15,3.19,3.21,3.15,23647250,75502584.0,1.0925,0.9494,2164508009.0,6904780548.71,2026-07-14
2025-06-25,sz.000813,德展健康,3.21,3.2,3.22,3.15,26976800,85861489.0,1.2463,0.3135,2164551071.0,6926563427.200001,2026-07-14
2025-06-26,sz.000813,德展健康,3.19,3.21,3.24,3.18,26963016,86564074.36,1.2456,0.3125,2164660886.0,6948561444.059999,2026-07-14
2025-06-27,sz.000813,德展健康,3.21,3.23,3.27,3.21,28002500,90620259.0,1.2937,0.6231,2164528098.0,6991425756.54,2026-07-14
2025-06-30,sz.000813,德展健康,3.22,3.22,3.23,3.2,23470550,75413971.0,1.0843,-0.3096,2164580836.0,6969950291.92,2026-07-14
2025-07-01,sz.000813,德展健康,3.22,3.25,3.26,3.2,26628030,86096485.13,1.2302,0.9317,2164528532.0,7034717729.0,2026-07-14
2025-07-02,sz.000813,德展健康,3.25,3.27,3.28,3.23,29088500,94811630.0,1.3438,0.6154,2164645036.0,7078389267.72,2026-07-14
2025-07-03,sz.000813,德展健康,3.27,3.38,3.41,3.26,61394087,205827847.19,2.8363,3.3639,2164583683.0,7316292848.54,2026-07-14
2025-07-04,sz.000813,德展健康,3.36,3.36,3.41,3.33,38524300,129431043.0,1.7797,-0.5917,2164651346.0,7273228522.559999,2026-07-14
2025-07-07,sz.000813,德展健康,3.37,3.37,3.42,3.36,34084500,115523377.0,1.5746,0.2976,2164644989.0,7294853612.93,2026-07-14
2025-07-08,sz.000813,德展健康,3.37,3.39,3.45,3.36,39271193,133613219.35,1.8142,0.5935,2164656212.0,7338184558.68,2026-07-14
2025-07-09,sz.000813,德展健康,3.4,3.4,3.43,3.34,35414795,120079927.65,1.6361,0.295,2164586211.0,7359593117.4,2026-07-14
2025-07-10,sz.000813,德展健康,3.38,3.42,3.44,3.38,34056466,116357617.06,1.5733,0.5882,2164651751.0,7403108988.42,2026-07-14
2025-07-11,sz.000813,德展健康,3.42,3.41,3.45,3.38,31952016,109170826.06,1.4761,-0.2924,2164624077.0,7381368102.570001,2026-07-14
2025-07-14,sz.000813,德展健康,3.4,3.42,3.44,3.39,31604766,107894453.72,1.4601,0.2933,2164561742.0,7402801157.639999,2026-07-14
2025-07-15,sz.000813,德展健康,3.38,3.32,3.39,3.26,56829850,187951498.0,2.6254,-2.924,2164616820.0,7186527842.4,2026-07-14
2025-07-16,sz.000813,德展健康,3.32,3.41,3.42,3.29,48600881,163664149.66,2.2453,2.7108,2164560682.0,7381151925.62,2026-07-14
2025-07-17,sz.000813,德展健康,3.41,3.45,3.46,3.4,48769417,167282880.88,2.253,1.173,2164643453.0,7468019912.85,2026-07-14
2025-07-18,sz.000813,德展健康,3.44,3.46,3.46,3.38,39940302,136481132.84,1.8452,0.2899,2164551377.0,7489347764.42,2026-07-14
2025-07-21,sz.000813,德展健康,3.46,3.53,3.55,3.43,49538652,173494861.04,2.2886,2.0231,2164583239.0,7640978833.669999,2026-07-14
2025-07-22,sz.000813,德展健康,3.52,3.64,3.72,3.51,105700977,384928303.03,4.8831,3.1161,2164628556.0,7879247943.84,2026-07-14
2025-07-23,sz.000813,德展健康,3.64,3.77,3.99,3.58,167425590,638667982.78,7.7347,3.5714,2164603540.0,8160555345.8,2026-07-14
2025-07-24,sz.000813,德展健康,3.77,3.93,3.96,3.73,124210085,483602772.23,5.7382,4.244,2164617563.0,8506947022.59,2026-07-14
2025-07-25,sz.000813,德展健康,3.89,3.89,4.0,3.86,111745889,439427298.13,5.1624,-1.0178,2164611208.0,8420337599.12,2026-07-14
2025-07-28,sz.000813,德展健康,3.89,3.93,4.04,3.86,96139011,381146202.37,4.4414,1.0283,2164610506.0,8506919288.58,2026-07-14
2025-07-29,sz.000813,德展健康,3.92,4.01,4.08,3.87,103893630,413148134.48,4.7996,2.0356,2164631011.0,8680170354.109999,2026-07-14
2025-07-30,sz.000813,德展健康,3.95,4.41,4.41,3.93,196145320,819885116.22,9.0615,9.9751,2164601004.0,9545890427.64,2026-07-14
2025-07-31,sz.000813,德展健康,4.48,4.85,4.85,4.33,253715497,1176059904.14,11.7211,9.9773,2164604832.0,10498333435.199999,2026-07-14
2025-08-01,sz.000813,德展健康,4.83,4.7,5.26,4.65,349714199,1712576861.04,16.6788,-3.0928,2096758754.0,9854766143.800001,2026-07-14
2025-08-04,sz.000813,德展健康,4.56,4.41,4.8,4.28,302360689,1363961409.23,14.4204,-6.1702,2096756602.0,9246696614.82,2026-07-14
2025-08-05,sz.000813,德展健康,4.44,4.48,4.68,4.33,210216941,940571603.82,10.0258,1.5873,2096759770.0,9393483769.6,2026-07-14
2025-08-06,sz.000813,德展健康,4.48,4.24,4.54,4.23,173588245,752295814.57,8.2789,-5.3571,2096754943.0,8890240958.32,2026-07-14
2025-08-07,sz.000813,德展健康,4.24,4.17,4.28,4.11,136636739,569868269.87,6.5166,-1.6509,2096748903.0,8743442925.51,2026-07-14
2025-08-08,sz.000813,德展健康,4.14,4.19,4.29,4.06,108216813,452262937.96,5.1611,0.4796,2096778071.0,8785500117.490002,2026-07-14
2025-08-11,sz.000813,德展健康,4.18,4.33,4.33,4.18,88310100,376473066.0,4.2117,3.3413,2096780397.0,9079059119.01,2026-07-14
2025-08-12,sz.000813,德展健康,4.4,4.42,4.57,4.33,178101413,787523571.2,8.4941,2.0785,2096766144.0,9267706356.48,2026-07-14
2025-08-13,sz.000813,德展健康,4.32,4.39,4.4,4.28,107041103,463936599.89,5.1051,-0.6787,2096748408.0,9204725511.119999,2026-07-14
2025-08-14,sz.000813,德展健康,4.35,4.27,4.44,4.26,87417863,378723584.38,4.1692,-2.7335,2096753886.0,8953139093.22,2026-07-14
2025-08-15,sz.000813,德展健康,4.24,4.27,4.33,4.22,67965885,290232022.1,3.2415,0.0,2096741786.0,8953087426.22,2026-07-14
2025-08-18,sz.000813,德展健康,4.27,4.2,4.29,4.17,78900215,333795779.43,3.763,-1.6393,2096737045.0,8806295589.0,2026-07-14
2025-08-19,sz.000813,德展健康,4.21,4.13,4.27,4.11,92541399,387559024.63,4.4135,-1.6667,2096780310.0,8659702680.3,2026-07-14
2025-08-20,sz.000813,德展健康,4.1,4.13,4.17,4.05,65513283,268938282.3,3.1245,0.0,2096760538.0,8659621021.94,2026-07-14
2025-08-21,sz.000813,德展健康,4.13,4.05,4.15,4.04,51820150,211137035.66,2.4714,-1.937,2096793316.0,8492012929.799999,2026-07-14
2025-08-22,sz.000813,德展健康,4.06,4.05,4.07,4.0,51528484,207466364.2,2.4575,0.0,2096784700.0,8491978035.0,2026-07-14
2025-08-25,sz.000813,德展健康,4.04,4.02,4.06,3.97,57929993,232297693.94,2.7628,-0.7407,2096785616.0,8429078176.319999,2026-07-14
2025-08-26,sz.000813,德展健康,4.0,3.94,4.01,3.92,62622256,247502349.0,2.9866,-1.99,2096774124.0,8261290048.559999,2026-07-14
2025-08-27,sz.000813,德展健康,3.94,3.78,3.96,3.78,66555906,258043885.6,3.1742,-4.0609,2096777330.0,7925818307.4,2026-07-14
2025-08-28,sz.000813,德展健康,3.81,3.87,3.87,3.77,70471512,269726364.36,3.361,2.381,2096742398.0,8114393080.26,2026-07-14
2025-08-29,sz.000813,德展健康,3.89,3.8,3.91,3.8,57392357,220803397.17,2.7372,-1.8088,2096754238.0,7967666104.4,2026-07-14
2025-09-01,sz.000813,德展健康,3.83,4.18,4.18,3.81,119519805,480837340.99,5.7002,10.0,2096765114.0,8764478176.519999,2026-07-14
2025-09-02,sz.000813,德展健康,4.2,4.12,4.33,4.08,174665724,730770146.85,8.3303,-1.4354,2096751906.0,8638617852.72,2026-07-14
2025-09-03,sz.000813,德展健康,4.15,4.32,4.37,4.07,192931786,821525084.92,9.2014,4.8544,2096765557.0,9058027206.24,2026-07-14
2025-09-04,sz.000813,德展健康,4.32,4.29,4.4,4.2,155686887,667681708.95,7.4251,-0.6944,2096764852.0,8995121215.08,2026-07-14
2025-09-05,sz.000813,德展健康,4.29,4.26,4.3,4.11,106374334,448533617.31,5.0733,-0.6993,2096748349.0,8932147966.74,2026-07-14
2025-09-08,sz.000813,德展健康,4.25,4.23,4.32,4.19,78021050,330573185.17,3.721,-0.7042,2096776404.0,8869364188.92,2026-07-14
2025-09-09,sz.000813,德展健康,4.23,4.22,4.35,4.18,88907078,378007932.03,4.2402,-0.2364,2096766143.0,8848353123.46,2026-07-14
2025-09-10,sz.000813,德展健康,4.22,4.27,4.35,4.2,74045698,315765099.7,3.5314,1.1848,2096780257.0,8953251697.39,2026-07-14
2025-09-11,sz.000813,德展健康,4.2,4.34,4.35,4.06,108456401,456719045.12,5.1726,1.6393,2096748270.0,9099887491.8,2026-07-14
2025-09-12,sz.000813,德展健康,4.32,4.29,4.4,4.28,75564519,326328044.56,3.6039,-1.1521,2096742945.0,8995027234.05,2026-07-14
2025-09-15,sz.000813,德展健康,4.31,4.72,4.72,4.31,105711635,491975268.36,5.0417,10.0233,2096745840.0,9896640364.8,2026-07-14
2025-09-16,sz.000813,德展健康,4.72,4.74,4.8,4.61,173010332,814666158.91,8.2513,0.4237,2096764534.0,9938663891.16,2026-07-14
2025-09-17,sz.000813,德展健康,4.85,4.69,4.93,4.68,133633398,638865069.5,6.3733,-1.0549,2096769303.0,9833848031.070002,2026-07-14
2025-09-18,sz.000813,德展健康,4.7,4.52,4.74,4.47,124091221,570232758.8,5.9182,-3.6247,2096773022.0,9477414059.439999,2026-07-14
2025-09-19,sz.000813,德展健康,4.51,4.36,4.52,4.36,74050156,327130208.3,3.5316,-3.5398,2096787745.0,9141994568.2,2026-07-14
2025-09-22,sz.000813,德展健康,4.45,4.38,4.53,4.33,65999650,290992273.0,3.1477,0.4587,2096757950.0,9183799821.0,2026-07-14
2025-09-23,sz.000813,德展健康,4.35,4.16,4.37,3.99,96242302,400138613.02,4.59,-5.0228,2096782179.0,8722613864.64,2026-07-14
2025-09-24,sz.000813,德展健康,4.14,4.22,4.27,4.12,61784946,259915192.51,2.9467,1.4423,2096750467.0,8848286970.74,2026-07-14
2025-09-25,sz.000813,德展健康,4.22,4.19,4.25,4.15,46081190,193472214.2,2.1977,-0.7109,2096791646.0,8785556996.740002,2026-07-14
2025-09-26,sz.000813,德展健康,4.18,4.31,4.48,4.13,99856841,431296361.31,4.7624,2.864,2096775596.0,9037102818.759998,2026-07-14
2025-09-29,sz.000813,德展健康,4.29,4.24,4.33,4.17,62625367,265454827.63,2.9868,-1.6241,2096737880.0,8890168611.2,2026-07-14
2025-09-30,sz.000813,德展健康,4.35,4.39,4.54,4.33,105153050,465625024.7,5.015,3.5377,2096770688.0,9204823320.32,2026-07-14
2025-10-09,sz.000813,德展健康,4.37,4.33,4.38,4.24,68411813,294483499.07,3.2627,-1.3667,2096785270.0,9079080219.1,2026-07-14
2025-10-10,sz.000813,德展健康,4.33,4.26,4.33,4.24,36389750,155706336.0,1.7355,-1.6166,2096787669.0,8932315469.939999,2026-07-14
2025-10-13,sz.000813,德展健康,4.1,4.13,4.2,4.06,58913417,242077101.34,2.8097,-3.0516,2096786739.0,8659729232.07,2026-07-14
2025-10-14,sz.000813,德展健康,4.15,4.07,4.22,4.05,51697950,213410879.5,2.4656,-1.4528,2096769549.0,8533852064.43,2026-07-14
2025-10-15,sz.000813,德展健康,4.07,4.12,4.13,4.02,35725550,146152161.5,1.7038,1.2285,2096815941.0,8638881676.92,2026-07-14
2025-10-16,sz.000813,德展健康,4.1,4.05,4.16,4.05,32846700,134409173.0,1.5665,-1.699,2096820938.0,8492124798.9,2026-07-14
2025-10-17,sz.000813,德展健康,4.06,4.07,4.25,4.05,63504627,263003596.74,3.0287,0.4938,2096761878.0,8533820843.460001,2026-07-14
2025-10-20,sz.000813,德展健康,4.1,4.1,4.11,4.04,36006322,146740591.98,1.7172,0.7371,2096804216.0,8596897285.599998,2026-07-14
2025-10-21,sz.000813,德展健康,4.15,4.23,4.33,4.15,71449599,304425174.33,3.4076,3.1707,2096771892.0,8869345103.160002,2026-07-14
2025-10-22,sz.000813,德展健康,4.22,4.35,4.48,4.19,86206081,374921841.14,4.1114,2.8369,2096757333.0,9120894398.55,2026-07-14
2025-10-23,sz.000813,德展健康,4.31,4.25,4.36,4.16,60083514,253291888.52,2.8655,-2.2989,2096789880.0,8911356990.0,2026-07-14
2025-10-24,sz.000813,德展健康,4.23,4.17,4.26,4.15,49568343,208154945.81,2.364,-1.8824,2096799619.0,8743654411.23,2026-07-14
2025-10-27,sz.000813,德展健康,4.17,4.18,4.22,4.13,39385408,164412523.6,1.8784,0.2398,2096752981.0,8764427460.58,2026-07-14
2025-10-28,sz.000813,德展健康,4.21,4.25,4.32,4.16,54529194,232269830.21,2.6006,1.6746,2096792817.0,8911369472.25,2026-07-14
2025-10-29,sz.000813,德展健康,4.23,4.29,4.3,4.14,52753350,222623902.5,2.5159,0.9412,2096798362.0,8995264972.98,2026-07-14
2025-10-30,sz.000813,德展健康,4.29,4.16,4.29,4.15,47402541,198412285.01,2.2608,-3.0303,2096715366.0,8722335922.56,2026-07-14
2025-10-31,sz.000813,德展健康,4.19,4.38,4.5,4.17,117414825,511494593.47,5.5998,5.2885,2096768188.0,9183844663.44,2026-07-14
2025-11-03,sz.000813,德展健康,4.38,4.47,4.48,4.32,75773908,336255987.52,3.6139,2.0548,2096735051.0,9372405677.97,2026-07-14
2025-11-04,sz.000813,德展健康,4.45,4.41,4.47,4.37,48148604,212710164.51,2.2963,-1.3423,2096790663.0,9246846823.83,2026-07-14
2025-11-05,sz.000813,德展健康,4.38,4.47,4.52,4.37,55475161,247360730.44,2.6458,1.3605,2096725414.0,9372362600.58,2026-07-14
2025-11-06,sz.000813,德展健康,4.45,4.54,4.56,4.44,65086537,294099058.6,3.1041,1.566,2096792532.0,9519438095.28,2026-07-14
2025-11-07,sz.000813,德展健康,4.54,4.45,4.56,4.45,49169176,220571404.85,2.345,-1.9824,2096766567.0,9330611223.15,2026-07-14
2025-11-10,sz.000813,德展健康,4.43,4.45,4.48,4.37,40188627,177900613.95,1.9167,0.0,2096761465.0,9330588519.25,2026-07-14
2025-11-11,sz.000813,德展健康,4.42,4.38,4.45,4.36,40413335,177712472.27,1.9274,-1.573,2096779859.0,9183895782.42,2026-07-14
2025-11-12,sz.000813,德展健康,4.37,4.43,4.46,4.36,39889497,176340743.65,1.9024,1.1416,2096798623.0,9288817899.89,2026-07-14
2025-11-13,sz.000813,德展健康,4.41,4.5,4.52,4.39,47809438,214085144.6,2.2802,1.5801,2096721253.0,9435245638.5,2026-07-14
2025-11-14,sz.000813,德展健康,4.49,4.59,4.73,4.47,76618264,356219077.32,3.6541,2.0,2096775239.0,9624198347.01,2026-07-14
2025-11-17,sz.000813,德展健康,4.58,4.53,4.71,4.5,59356302,271078236.98,2.8309,-1.3072,2096729026.0,9498182487.78,2026-07-14
2025-11-18,sz.000813,德展健康,4.54,4.4,4.6,4.38,51747100,230450397.98,2.468,-2.8698,2096722042.0,9225576984.800001,2026-07-14
2025-11-19,sz.000813,德展健康,4.4,4.3,4.42,4.26,40327583,173809489.56,1.9233,-2.2727,2096791088.0,9016201678.4,2026-07-14
2025-11-20,sz.000813,德展健康,4.32,4.3,4.36,4.27,29228200,126011161.89,1.394,0.0,2096714491.0,9015872311.3,2026-07-14
2025-11-21,sz.000813,德展健康,4.28,4.11,4.33,4.09,47236048,197275450.89,2.2528,-4.4186,2096770597.0,8617727153.67,2026-07-14
2025-11-24,sz.000813,德展健康,4.12,4.12,4.17,4.07,28213809,116476340.23,1.3456,0.2433,2096745615.0,8638591933.800001,2026-07-14
2025-11-25,sz.000813,德展健康,4.14,4.16,4.21,4.13,28705804,119809313.72,1.3691,0.9709,2096691549.0,8722236843.84,2026-07-14
2025-11-26,sz.000813,德展健康,4.16,4.15,4.32,4.13,51183850,216127465.0,2.4411,-0.2404,2096753513.0,8701527078.95,2026-07-14
2025-11-27,sz.000813,德展健康,4.12,4.11,4.15,4.09,31015801,127684410.65,1.4792,-0.9639,2096795633.0,8617830051.630001,2026-07-14
2025-11-28,sz.000813,德展健康,4.11,4.16,4.2,4.07,30786100,127142831.0,1.4683,1.2165,2096717292.0,8722343934.720001,2026-07-14
2025-12-01,sz.000813,德展健康,4.16,4.11,4.16,4.1,29948858,123432267.38,1.4283,-1.2019,2096818456.0,8617923854.16,2026-07-14
2025-12-02,sz.000813,德展健康,4.12,4.08,4.14,4.06,23584242,96295120.26,1.1248,-0.7299,2096749822.0,8554739273.76,2026-07-14
2025-12-03,sz.000813,德展健康,4.08,4.01,4.09,3.99,31411625,126455244.75,1.4981,-1.7157,2096764235.0,8408024582.349999,2026-07-14
2025-12-04,sz.000813,德展健康,4.01,3.98,4.02,3.95,23059438,91845764.52,1.0998,-0.7481,2096693763.0,8344841176.74,2026-07-14
2025-12-05,sz.000813,德展健康,3.98,4.01,4.02,3.93,22929654,91111636.4,1.0936,0.7538,2096713058.0,8407819362.58,2026-07-14
2025-12-08,sz.000813,德展健康,4.01,3.99,4.05,3.98,23419343,93772939.57,1.1169,-0.4988,2096816456.0,8366297659.440001,2026-07-14
2025-12-09,sz.000813,德展健康,3.97,3.93,3.99,3.92,19985601,78901138.94,0.9532,-1.5038,2096684956.0,8239971877.08,2026-07-14
2025-12-10,sz.000813,德展健康,3.91,3.92,3.93,3.88,18737650,73266374.5,0.8936,-0.2545,2096872202.0,8219739031.84,2026-07-14
2025-12-11,sz.000813,德展健康,3.93,3.85,3.94,3.84,21887100,84771827.0,1.0439,-1.7857,2096666347.0,8072165435.95,2026-07-14
2025-12-12,sz.000813,德展健康,3.86,3.88,3.9,3.83,17428500,67520039.0,0.8312,0.7792,2096787777.0,8135536574.76,2026-07-14
2025-12-15,sz.000813,德展健康,3.9,3.88,3.95,3.86,24446424,95582808.87,1.1659,0.0,2096785659.0,8135528356.92,2026-07-14
2025-12-16,sz.000813,德展健康,3.86,3.82,3.9,3.8,17710135,67906764.74,0.8446,-1.5464,2096866564.0,8010030274.48,2026-07-14
2025-12-17,sz.000813,德展健康,3.84,3.85,3.86,3.77,19539085,74628471.2,0.9319,0.7853,2096693315.0,8072269262.75,2026-07-14
2025-12-18,sz.000813,德展健康,3.83,3.93,4.0,3.83,31363203,123002158.51,1.4958,2.0779,2096751103.0,8240231834.79,2026-07-14
2025-12-19,sz.000813,德展健康,3.92,3.96,3.99,3.88,23569573,93115358.93,1.1241,0.7634,2096750556.0,8303132201.76,2026-07-14
2025-12-22,sz.000813,德展健康,3.96,4.04,4.1,3.93,37674473,152242187.45,1.7968,2.0202,2096753840.0,8470885513.6,2026-07-14
2025-12-23,sz.000813,德展健康,4.04,3.97,4.09,3.95,24632350,98820325.0,1.1748,-1.7327,2096727102.0,8324006594.940001,2026-07-14
2025-12-24,sz.000813,德展健康,3.98,3.98,3.98,3.89,24704890,97197539.5,1.1782,0.2519,2096833305.0,8345396553.9,2026-07-14
2025-12-25,sz.000813,德展健康,3.98,4.01,4.09,3.97,30038157,120877796.38,1.4326,0.7538,2096758132.0,8408000109.32,2026-07-14
2025-12-26,sz.000813,德展健康,4.01,3.94,4.01,3.94,22502100,89279994.0,1.0732,-1.7456,2096729407.0,8261113863.58,2026-07-14
2025-12-29,sz.000813,德展健康,3.95,3.88,3.95,3.88,19732450,77055623.5,0.9411,-1.5228,2096743173.0,8135363511.24,2026-07-14
2025-12-30,sz.000813,德展健康,3.88,3.86,3.89,3.83,17107172,66062909.6,0.8159,-0.5155,2096724108.0,8093355056.88,2026-07-14
2025-12-31,sz.000813,德展健康,3.86,3.84,3.87,3.81,19017647,72911712.54,0.907,-0.5181,2096763727.0,8051572711.679999,2026-07-14
2026-01-05,sz.000813,德展健康,3.85,3.94,3.94,3.83,24363001,95123907.88,1.1619,2.6042,2096824253.0,8261487556.82,2026-07-14
2026-01-06,sz.000813,德展健康,3.96,3.93,3.97,3.91,24064948,94618947.64,1.1477,-0.2538,2096797769.0,8240415232.17,2026-07-14
2026-01-07,sz.000813,德展健康,3.93,3.9,3.95,3.89,26378617,103267624.66,1.2581,-0.7634,2096702726.0,8177140631.4,2026-07-14
2026-01-08,sz.000813,德展健康,3.9,3.97,4.0,3.88,33617781,133357054.89,1.6033,1.7949,2096786690.0,8324243159.3,2026-07-14
2026-01-09,sz.000813,德展健康,3.85,3.99,3.99,3.85,48227961,190230704.37,2.3001,0.5038,2096776705.0,8366139052.950001,2026-07-14
2026-01-12,sz.000813,德展健康,4.01,3.99,4.03,3.97,46640071,186529195.79,2.2244,0.0,2096748382.0,8366026044.18,2026-07-14
2026-01-13,sz.000813,德展健康,4.0,4.07,4.13,3.99,76819415,313697218.77,3.6637,2.005,2096771433.0,8533859732.31,2026-07-14
2026-01-14,sz.000813,德展健康,4.05,4.22,4.24,4.01,108440453,447727287.05,5.1718,3.6855,2096764241.0,8848345097.019999,2026-07-14
2026-01-15,sz.000813,德展健康,4.18,4.06,4.19,4.03,64900291,265425039.46,3.0953,-3.7915,2096736698.0,8512750993.879999,2026-07-14
2026-01-16,sz.000813,德展健康,4.06,3.99,4.07,3.96,39586800,158256606.69,1.888,-1.7241,2096758475.0,8366066315.25,2026-07-14
2026-01-19,sz.000813,德展健康,3.96,3.96,3.97,3.94,21195196,83847111.95,1.0109,-0.7519,2096665941.0,8302797126.36,2026-07-14
2026-01-20,sz.000813,德展健康,3.96,3.91,3.96,3.89,25619110,100278283.0,1.2218,-1.2626,2096833361.0,8198618441.51,2026-07-14
2026-01-21,sz.000813,德展健康,3.9,3.91,3.94,3.86,22924848,89432750.72,1.0933,0.0,2096848806.0,8198678831.46,2026-07-14
2026-01-22,sz.000813,德展健康,3.91,3.91,3.93,3.89,20185774,78930751.29,0.9627,0.0,2096787577.0,8198439426.070001,2026-07-14
2026-01-23,sz.000813,德展健康,3.92,3.96,3.96,3.9,29646897,116874301.26,1.4139,1.2788,2096817102.0,8303395723.92,2026-07-14
2026-01-26,sz.000813,德展健康,3.95,3.89,3.96,3.87,38454324,149944132.76,1.834,-1.7677,2096746129.0,8156342441.81,2026-07-14
2026-01-27,sz.000813,德展健康,3.88,3.8,3.89,3.77,37532699,143191058.35,1.79,-2.3136,2096798827.0,7967835542.599999,2026-07-14
2026-01-28,sz.000813,德展健康,3.81,3.79,3.83,3.78,22291179,84723317.43,1.0631,-0.2632,2096809237.0,7946907008.2300005,2026-07-14
2026-01-29,sz.000813,德展健康,4.16,4.17,4.17,4.16,48539922,202357117.74,2.315,10.0264,2096756890.0,8743476231.3,2026-07-14
2026-01-30,sz.000813,德展健康,4.52,4.31,4.52,4.22,195183676,851629339.96,9.3088,3.3573,2096765168.0,9037057874.08,2026-07-14
2026-02-02,sz.000813,德展健康,4.18,4.12,4.42,4.11,115730182,490627790.26,5.5195,-4.4084,2096751191.0,8638614906.92,2026-07-14
2026-02-03,sz.000813,德展健康,4.2,4.07,4.23,4.03,64970970,265110600.71,3.0986,-1.2136,2096784677.0,8533913635.39,2026-07-14
2026-02-04,sz.000813,德展健康,4.07,4.05,4.07,4.01,42358127,171104244.35,2.0202,-0.4914,2096729383.0,8491754001.15,2026-07-14
2026-02-05,sz.000813,德展健康,4.03,3.95,4.04,3.95,40435950,161117607.5,1.9285,-2.4691,2096756547.0,8282188360.650001,2026-07-14
2026-02-06,sz.000813,德展健康,3.94,3.94,4.05,3.91,43092138,171646472.72,2.0552,-0.2532,2096736960.0,8261143622.4,2026-07-14
2026-02-09,sz.000813,德展健康,3.96,3.98,4.03,3.94,34748202,138034787.62,1.6572,1.0152,2096801955.0,8345271780.9,2026-07-14
2026-02-10,sz.000813,德展健康,3.99,3.96,4.01,3.95,25287756,100703543.76,1.206,-0.5025,2096828856.0,8303442269.76,2026-07-14
2026-02-11,sz.000813,德展健康,3.95,3.94,3.96,3.93,20638415,81436359.11,0.9843,-0.5051,2096760642.0,8261236929.48,2026-07-14
2026-02-12,sz.000813,德展健康,3.93,3.92,3.95,3.87,24827438,97080009.58,1.1841,-0.5076,2096734904.0,8219200823.68,2026-07-14
2026-02-13,sz.000813,德展健康,3.91,3.87,3.93,3.86,23730200,92395810.0,1.1318,-1.2755,2096677858.0,8114143310.46,2026-07-14
2026-02-24,sz.000813,德展健康,3.9,3.85,3.9,3.83,42557688,164156210.07,2.0297,-0.5168,2096747697.0,8072478633.45,2026-07-14
2026-02-25,sz.000813,德展健康,3.87,3.89,3.93,3.85,34195866,133308044.43,1.6309,1.039,2096748176.0,8156350404.64,2026-07-14
2026-02-26,sz.000813,德展健康,3.92,3.87,3.92,3.86,22222250,86194383.0,1.0598,-0.5141,2096834308.0,8114748771.96,2026-07-14
2026-02-27,sz.000813,德展健康,3.86,3.89,3.9,3.78,48104445,184653686.63,2.2942,0.5168,2096785154.0,8156494249.06,2026-07-14
2026-03-02,sz.000813,德展健康,3.85,3.75,3.86,3.73,48460576,183049493.42,2.3112,-3.599,2096771201.0,7862892003.75,2026-07-14
2026-03-03,sz.000813,德展健康,3.74,3.58,3.76,3.57,43807839,159828238.1,2.0893,-4.5333,2096771120.0,7506440609.6,2026-07-14
2026-03-04,sz.000813,德展健康,3.54,3.56,3.61,3.51,23837842,84867038.52,1.1369,-0.5587,2096740435.0,7464395948.6,2026-07-14
2026-03-05,sz.000813,德展健康,3.61,3.57,3.61,3.55,22216603,79361649.76,1.0596,0.2809,2096697150.0,7485208825.5,2026-07-14
2026-03-06,sz.000813,德展健康,3.55,3.65,3.66,3.53,28707068,103960759.31,1.3691,2.2409,2096783873.0,7653261136.45,2026-07-14
2026-03-09,sz.000813,德展健康,3.62,3.62,3.63,3.56,23443103,84366680.74,1.1181,-0.8219,2096691083.0,7590021720.46,2026-07-14
2026-03-10,sz.000813,德展健康,3.63,3.62,3.65,3.59,21366700,77397304.0,1.019,0.0,2096830226.0,7590525418.12,2026-07-14
2026-03-11,sz.000813,德展健康,3.61,3.57,3.61,3.57,21198899,75911361.43,1.011,-1.3812,2096824827.0,7485664632.389999,2026-07-14
2026-03-12,sz.000813,德展健康,3.57,3.56,3.61,3.55,19973667,71399542.81,0.9526,-0.2801,2096752782.0,7464439903.92,2026-07-14
2026-03-13,sz.000813,德展健康,3.57,3.57,3.61,3.55,24972250,89431609.5,1.191,0.2809,2096746432.0,7485384762.24,2026-07-14
2026-03-16,sz.000813,德展健康,3.58,3.59,3.61,3.55,26499700,94900046.0,1.2638,0.5602,2096827030.0,7527609037.7,2026-07-14
2026-03-17,sz.000813,德展健康,3.6,3.57,3.64,3.55,28575870,102667131.29,1.3629,-0.5571,2096696016.0,7485204777.12,2026-07-14
2026-03-18,sz.000813,德展健康,3.55,3.53,3.57,3.48,29060100,102116939.0,1.386,-1.1204,2096688312.0,7401309741.36,2026-07-14
2026-03-19,sz.000813,德展健康,3.5,3.51,3.59,3.49,28467700,100393583.0,1.3577,-0.5666,2096759225.0,7359624879.75,2026-07-14
2026-03-20,sz.000813,德展健康,3.51,3.37,3.54,3.37,35108126,120346888.66,1.6744,-3.9886,2096758600.0,7066076482.0,2026-07-14
2026-03-23,sz.000813,德展健康,3.26,3.16,3.32,3.14,55036877,177426787.32,2.6249,-6.2315,2096722808.0,6625644073.280001,2026-07-14
2026-03-24,sz.000813,德展健康,3.2,3.28,3.28,3.15,41902124,134407832.74,1.9984,3.7975,2096783627.0,6877450296.559999,2026-07-14
2026-03-25,sz.000813,德展健康,3.31,3.32,3.33,3.27,25473000,84195067.0,1.2149,1.2195,2096715779.0,6961096386.28,2026-07-14
2026-03-26,sz.000813,德展健康,3.31,3.28,3.38,3.27,20505200,67970492.0,0.9779,-1.2048,2096860620.0,6877702833.599999,2026-07-14
2026-03-27,sz.000813,德展健康,3.25,3.47,3.53,3.23,57182294,195684979.92,2.7272,5.7927,2096740026.0,7275687890.22,2026-07-14
2026-03-30,sz.000813,德展健康,3.45,3.53,3.54,3.43,36658399,128259815.51,1.7483,1.7291,2096802551.0,7401713005.03,2026-07-14
2026-03-31,sz.000813,德展健康,3.53,3.52,3.62,3.52,30433354,108235895.73,1.4514,-0.2833,2096827477.0,7380832719.04,2026-07-14
2026-04-01,sz.000813,德展健康,3.55,3.6,3.6,3.46,34984269,124497657.69,1.6685,2.2727,2096749715.0,7548298974.0,2026-07-14
2026-04-02,sz.000813,德展健康,3.58,3.63,3.68,3.57,38679476,140106510.84,1.8447,0.8333,2096789505.0,7611345903.15,2026-07-14
2026-04-03,sz.000813,德展健康,3.6,3.48,3.61,3.48,36662366,129560934.9,1.7485,-4.1322,2096789591.0,7296827776.68,2026-07-14
2026-04-07,sz.000813,德展健康,3.48,3.53,3.57,3.4,29136668,102156582.92,1.3896,1.4368,2096766552.0,7401585928.559999,2026-07-14
2026-04-08,sz.000813,德展健康,3.56,3.58,3.62,3.52,31471665,112044719.8,1.501,1.4164,2096713191.0,7506233223.78,2026-07-14
2026-04-09,sz.000813,德展健康,3.56,3.46,3.61,3.46,32606903,114688618.57,1.5551,-3.352,2096772105.0,7254831483.3,2026-07-14
2026-04-10,sz.000813,德展健康,3.48,3.47,3.55,3.43,23062518,80587652.63,1.0999,0.289,2096783162.0,7275837572.14,2026-07-14
2026-04-13,sz.000813,德展健康,3.45,3.43,3.48,3.41,23294900,80055122.0,1.111,-1.1527,2096750675.0,7191854815.25,2026-07-14
2026-04-14,sz.000813,德展健康,3.47,3.43,3.47,3.36,25801374,87739622.08,1.2305,0.0,2096820317.0,7192093687.31,2026-07-14
2026-04-15,sz.000813,德展健康,3.46,3.49,3.54,3.4,39365138,136824779.62,1.8774,1.7493,2096790135.0,7317797571.150001,2026-07-14
2026-04-16,sz.000813,德展健康,3.49,3.44,3.49,3.42,25991910,89375444.25,1.2396,-1.4327,2096798161.0,7212985673.84,2026-07-14
2026-04-17,sz.000813,德展健康,3.43,3.38,3.43,3.31,43194100,145282812.0,2.06,-1.7442,2096800971.0,7087187281.98,2026-07-14
2026-04-20,sz.000813,德展健康,3.37,3.34,3.37,3.32,20679841,69124106.87,0.9863,-1.1834,2096709013.0,7003008103.42,2026-07-14
2026-04-21,sz.000813,德展健康,3.33,3.3,3.37,3.28,22410796,74181717.85,1.0688,-1.1976,2096818488.0,6919501010.4,2026-07-14
2026-04-22,sz.000813,德展健康,3.3,3.33,3.33,3.27,24060550,79513523.0,1.1475,0.9091,2096779956.0,6982277253.4800005,2026-07-14
2026-04-23,sz.000813,德展健康,3.32,3.37,3.42,3.31,37240750,125363507.5,1.7761,1.2012,2096771015.0,7066118320.55,2026-07-14
2026-04-24,sz.000813,德展健康,3.34,3.4,3.43,3.33,36310975,122936190.55,1.7318,0.8902,2096718732.0,7128843688.8,2026-07-14
2026-04-27,sz.000813,德展健康,3.35,3.54,3.58,3.3,58280412,201879318.31,2.7795,4.1176,2096794819.0,7422653659.26,2026-07-14
2026-04-28,sz.000813,德展健康,3.55,3.58,3.62,3.54,51536638,184535049.8,2.4579,1.1299,2096775215.0,7506455269.7,2026-07-14
2026-04-29,sz.000813,德展健康,3.55,3.62,3.64,3.51,37929415,136370317.73,1.809,1.1173,2096706191.0,7590076411.42,2026-07-14
2026-04-30,sz.000813,德展健康,3.6,3.64,3.72,3.59,36524428,133330363.54,1.7419,0.5525,2096815431.0,7632408168.84,2026-07-14
2026-05-06,sz.000813,德展健康,3.64,3.72,3.77,3.61,46458420,172002820.68,2.2157,2.1978,2096782958.0,7800032603.76,2026-07-14
2026-05-07,sz.000813,德展健康,3.73,3.76,3.8,3.72,39467252,148591081.52,1.8823,1.0753,2096756734.0,7883805319.839999,2026-07-14
2026-05-08,sz.000813,德展健康,3.74,3.84,3.92,3.68,59413863,227051198.64,2.8336,2.1277,2096762528.0,8051568107.5199995,2026-07-14
2026-05-11,sz.000813,德展健康,3.83,3.78,3.86,3.72,48753400,184135581.19,2.3252,-1.5625,2096740065.0,7925677445.7,2026-07-14
2026-05-12,sz.000813,德展健康,3.78,3.81,4.01,3.74,81689447,317378598.66,3.896,0.7937,2096751720.0,7988624053.2,2026-07-14
2026-05-13,sz.000813,德展健康,3.8,3.96,4.04,3.77,84639355,331891066.15,4.0367,3.937,2096746228.0,8303115062.88,2026-07-14
2026-05-14,sz.000813,德展健康,3.96,3.93,4.02,3.89,50261706,198479854.52,2.3971,-0.7576,2096771349.0,8240311401.570001,2026-07-14
2026-05-15,sz.000813,德展健康,3.93,3.96,4.06,3.89,62863084,249869812.31,2.9981,0.7634,2096764084.0,8303185772.64,2026-07-14
2026-05-18,sz.000813,德展健康,3.94,4.11,4.14,3.82,68079308,275125182.61,3.2469,3.7879,2096747913.0,8617633922.43,2026-07-14
2026-05-19,sz.000813,德展健康,4.12,4.37,4.42,4.1,102980541,440579692.81,4.9114,6.326,2096765505.0,9162865256.85,2026-07-14
2026-05-20,sz.000813,德展健康,4.34,4.23,4.36,4.19,63585065,270482822.55,3.0325,-3.2037,2096786974.0,8869408900.02,2026-07-14
2026-05-21,sz.000813,德展健康,4.5,3.81,4.5,3.81,147338754,591685411.74,7.027,-9.9291,2096751871.0,7988624628.51,2026-07-14
2026-05-22,sz.000813,德展健康,3.62,3.44,3.69,3.43,109485150,379266051.92,5.2216,-9.7113,2096773977.0,7212902480.88,2026-07-14
2026-05-25,sz.000813,德展健康,3.41,3.36,3.59,3.3,81027689,277530205.87,3.8644,-2.3256,2096772824.0,7045156688.639999,2026-07-14
2026-05-26,sz.000813,德展健康,3.35,3.28,3.36,3.26,42217929,139175082.99,2.0135,-2.381,2096743432.0,6877318456.96,2026-07-14
2026-05-27,sz.000813,德展健康,3.3,3.32,3.36,3.28,40689319,134828196.1,1.9406,1.2195,2096739101.0,6961173815.32,2026-07-14
2026-05-28,sz.000813,德展健康,3.32,3.27,3.34,3.23,33446600,109605999.0,1.5952,-1.506,2096702608.0,6856217528.16,2026-07-14
2026-05-29,sz.000813,德展健康,3.27,3.37,3.5,3.26,64439219,219644499.76,3.0733,3.0581,2096743533.0,7066025706.21,2026-07-14
2026-06-01,sz.000813,德展健康,3.31,3.41,3.47,3.3,38892549,132461248.09,1.8549,1.1869,2096746401.0,7149905227.41,2026-07-14
2026-06-02,sz.000813,德展健康,3.4,3.26,3.43,3.26,39462300,130636816.0,1.8821,-4.3988,2096716434.0,6835295574.839999,2026-07-14
2026-06-03,sz.000813,德展健康,3.26,3.17,3.26,3.15,35529649,113079666.84,1.6945,-2.7607,2096762998.0,6646738703.66,2026-07-14
2026-06-04,sz.000813,德展健康,3.17,3.09,3.22,3.06,28516896,88427321.64,1.36,-2.5237,2096830588.0,6479206516.92,2026-07-14
2026-06-05,sz.000813,德展健康,3.12,3.1,3.15,3.03,31252850,96800079.0,1.4905,0.3236,2096803086.0,6500089566.6,2026-07-14
2026-06-08,sz.000813,德展健康,3.06,3.02,3.1,2.96,30624912,92807276.76,1.4606,-2.5806,2096735040.0,6332139820.8,2026-07-14
2026-06-09,sz.000813,德展健康,3.03,3.07,3.1,2.98,30388107,92734715.06,1.4493,1.6556,2096743738.0,6437003275.66,2026-07-14
2026-06-10,sz.000813,德展健康,3.1,3.13,3.19,3.03,38955372,121321493.97,1.8579,1.9544,2096742128.0,6562802860.639999,2026-07-14
2026-06-11,sz.000813,德展健康,3.1,3.05,3.16,3.03,22142166,68047381.14,1.056,-2.5559,2096796023.0,6395227870.15,2026-07-14
2026-06-12,sz.000813,德展健康,3.06,3.09,3.13,3.05,24922116,77021821.44,1.1886,1.3115,2096762241.0,6478995324.69,2026-07-14
2026-06-15,sz.000813,德展健康,3.11,3.08,3.15,3.06,25653200,79357194.0,1.2235,-0.3236,2096706171.0,6457855006.68,2026-07-14
2026-06-16,sz.000813,德展健康,3.1,3.03,3.1,3.02,23875250,72542628.5,1.1387,-1.6234,2096711162.0,6353034820.86,2026-07-14
2026-06-17,sz.000813,德展健康,3.03,3.0,3.04,2.96,23076865,68894757.7,1.1006,-0.9901,2096753135.0,6290259405.0,2026-07-14
2026-06-18,sz.000813,德展健康,2.98,2.97,3.02,2.95,19712101,58771438.97,0.9401,-1.0,2096808956.0,6227522599.320001,2026-07-14
2026-06-22,sz.000813,德展健康,2.96,2.9,2.96,2.75,48489040,137398499.26,2.3126,-2.3569,2096732682.0,6080524777.8,2026-07-14
2026-06-23,sz.000813,德展健康,2.87,3.19,3.19,2.87,60460155,189104716.61,2.8835,10.0,2096762788.0,6688673293.72,2026-07-14
2026-06-24,sz.000813,德展健康,3.17,3.05,3.19,3.05,65151325,202270990.12,3.1072,-4.3887,2096785691.0,6395196357.549999,2026-07-14
2026-06-25,sz.000813,德展健康,3.03,2.99,3.07,2.94,38646285,115857923.28,1.8431,-1.9672,2096808909.0,6269458637.910001,2026-07-14
2026-06-26,sz.000813,德展健康,3.01,2.99,3.04,2.93,37555412,112174980.88,1.7911,0.0,2096779186.0,6269369766.14,2026-07-14
2026-06-29,sz.000813,德展健康,2.98,3.12,3.14,2.92,54346875,167101934.5,2.5919,4.3478,2096796751.0,6542005863.12,2026-07-14
2026-06-30,sz.000813,德展健康,3.12,3.03,3.13,3.01,39382590,120453284.9,1.8783,-2.8846,2096714582.0,6353045183.46,2026-07-14
2026-07-01,sz.000813,德展健康,3.04,3.12,3.13,2.98,38186111,117305298.33,1.8212,2.9703,2096755491.0,6541877131.92,2026-07-14
2026-07-02,sz.000813,德展健康,3.14,3.15,3.23,3.12,38134497,120800210.45,1.8187,0.9615,2096799747.0,6604919203.05,2026-07-14
2026-07-03,sz.000813,德展健康,3.16,3.19,3.25,3.11,33262646,105697701.98,1.5864,1.2698,2096737645.0,6688593087.55,2026-07-14
2026-07-06,sz.000813,德展健康,3.18,3.24,3.31,3.15,45030854,146064848.04,2.1476,1.5674,2096798938.0,6793628559.120001,2026-07-14
2026-07-07,sz.000813,德展健康,3.19,3.13,3.21,3.1,32927561,103270056.32,1.5704,-3.3951,2096762672.0,6562867163.36,2026-07-14
2026-07-08,sz.000813,德展健康,3.12,3.26,3.43,3.08,58699270,192857617.76,2.7995,4.1534,2096776924.0,6835492772.24,2026-07-14
2026-07-09,sz.000813,德展健康,3.15,3.15,3.25,3.11,42733594,134980001.58,2.0381,-3.3742,2096736863.0,6604721118.45,2026-07-14
2026-07-10,sz.000813,德展健康,3.11,3.23,3.29,3.08,49601274,159536978.67,2.3656,2.5397,2096773504.0,6772578417.92,2026-07-14
2026-07-13,sz.000813,德展健康,3.23,3.29,3.29,3.21,41591730,135283479.58,1.9836,1.8576,2096780097.0,6898406519.13,2026-07-14
